query	grouping_confidence	location_confidence	orientation_confidence
scaffold_128	0.5654557916381083	1.0	1.0
scaffold_53	1.0	1.0	1.0
scaffold_261	1.0	1.0	1.0
scaffold_37	1.0	0.9846737861232053	1.0
scaffold_2	1.0	1.0	1.0
scaffold_9	0.7463507616876355	1.0	1.0
scaffold_17	1.0	1.0	1.0
scaffold_75	1.0	1.0	1.0
scaffold_25	0.995658221655171	0.998489620712014	0.9823355531918173
scaffold_51	0.8908892148451554	1.0	1.0
scaffold_120	0.8023931623931624	1.0	1.0
scaffold_57	0.5600960428498869	1.0	1.0
scaffold_11	1.0	1.0	1.0
scaffold_15	1.0	1.0	1.0
scaffold_5	1.0	1.0	1.0
scaffold_44	1.0	1.0	1.0
scaffold_73	1.0	1.0	1.0
scaffold_149	0.8559605417154322	1.0	1.0
scaffold_222	1.0	1.0	1.0
scaffold_29	0.9791307677579935	0.9682957103486	1.0
scaffold_241	1.0	1.0	1.0
scaffold_350	1.0	1.0	1.0
scaffold_42	0.997659948357481	1.0	1.0
scaffold_18	1.0	1.0	1.0
scaffold_3	1.0	1.0	1.0
scaffold_21	1.0	1.0	1.0
scaffold_62	0.7643189915045218	1.0	1.0
scaffold_41	0.990164278591298	0.99972444199504	1.0
scaffold_238	1.0	1.0	1.0
scaffold_7	1.0	0.9999516439352458	0.9947768039882494
scaffold_4	1.0	0.9999878684691054	0.9982793933826298
scaffold_33	0.9689057447791312	0.9682466412380651	0.7539017413559492
scaffold_127	1.0	1.0	1.0
scaffold_78	0.6710700569460999	1.0	1.0
scaffold_347	1.0	1.0	1.0
scaffold_210	1.0	1.0	1.0
scaffold_142	1.0	1.0	1.0
scaffold_6	1.0	0.9888251574100793	0.9874294944728949
scaffold_28	1.0	0.9458178789034899	0.9885504382196254
scaffold_27	1.0	0.981554828904343	0.9690407891229006
scaffold_61	1.0	1.0	1.0
scaffold_34	1.0	1.0	1.0
scaffold_31	1.0	1.0	1.0
scaffold_40	0.9628835918424704	0.45212055228386205	1.0
scaffold_193	1.0	1.0	1.0
scaffold_153	0.7540777917189461	1.0	1.0
scaffold_24	0.9897345611195636	0.6167020641387077	0.6827593568290109
scaffold_1	0.9990653612048516	0.9920777548743099	0.9929878033939055
scaffold_121	0.955991124260355	1.0	1.0
scaffold_230	1.0	0.02440382431590901	1.0
scaffold_227	1.0	1.0	1.0
scaffold_196	1.0	1.0	1.0
scaffold_272	1.0	1.0	1.0
scaffold_63	0.7693915120155231	0.0038634752189444198	0.7959777547853079
scaffold_130	0.8275684047496128	0.002004663124053006	0.559451029320025
scaffold_283	1.0	1.0	1.0
scaffold_166	1.0	1.0	1.0
scaffold_43	0.8510644571563366	0.0074347000580340895	0.8972040328448186
scaffold_195	1.0	1.0	1.0
scaffold_93	0.9942499577202774	0.0070643524173387255	0.9785677836366728
scaffold_205	1.0	0.008549427006487862	1.0
scaffold_65	0.9282304147465438	0.039437977590215945	0.9580292514372524
scaffold_164	1.0	0.001714744801340097	0.9330677290836653
scaffold_103	1.0	1.0	1.0
scaffold_137	0.9673655063291139	1.0	1.0
scaffold_94	1.0	0.039244560460501704	1.0
scaffold_189	1.0	0.0060104171872725175	1.0
scaffold_214	1.0	1.0	1.0
scaffold_124	1.0	0.002763631155585965	0.7854109961894393
scaffold_362	1.0	1.0	1.0
scaffold_269	1.0	1.0	1.0
scaffold_305	1.0	1.0	1.0
scaffold_206	1.0	0.0007488388669014663	1.0
scaffold_228	0.9385342789598109	1.0	1.0
scaffold_333	1.0	1.0	1.0
scaffold_297	1.0	1.0	1.0
scaffold_278	1.0	1.0	1.0
scaffold_86	1.0	0.002759132012021554	0.9805662188099808
scaffold_184	0.6986342042755345	1.0	1.0
scaffold_82	1.0	0.0022610624500062834	0.57851786501985
scaffold_96	0.8371826779492285	0.011485626406765587	0.8062310482192758
scaffold_234	1.0	1.0	1.0
scaffold_322	1.0	1.0	1.0
scaffold_83	1.0	1.0	1.0
scaffold_132	1.0	1.0	1.0
scaffold_106	0.8462700090607067	0.01137680139455819	0.9890554365929098
scaffold_341	1.0	1.0	1.0
scaffold_122	0.9977818449479778	0.037337749350104074	0.9708905304502996
scaffold_50	1.0	0.034049234534788975	0.9397695669447755
scaffold_113	0.5608761004938801	0.0024729719878169207	1.0
scaffold_253	1.0	0.29876089949518125	0.8079877112135176
scaffold_179	1.0	1.0	1.0
scaffold_114	1.0	0.044330147539239965	0.9646958011996573
scaffold_226	1.0	1.0	1.0
scaffold_334	1.0	1.0	1.0
scaffold_266	1.0	1.0	1.0
scaffold_382	1.0	1.0	1.0
scaffold_258	1.0	1.0	1.0
scaffold_343	1.0	1.0	1.0
scaffold_202	1.0	0.0028836454375146953	1.0
scaffold_200	1.0	1.0	1.0
scaffold_180	1.0	1.0	1.0
scaffold_310	1.0	1.0	1.0
scaffold_317	1.0	1.0	1.0
scaffold_175	1.0	1.0	1.0
scaffold_84	0.8384198516828294	1.0	1.0
scaffold_151	0.6245901639344262	1.0	1.0
scaffold_186	1.0	1.0	1.0
scaffold_115	0.7805105853051059	0.00836679048315128	0.8751495811727164
scaffold_70	1.0	0.07146476652820179	1.0
scaffold_56	1.0	0.009545041006447805	0.6954765751211631
scaffold_169	1.0	0.002840111841341626	0.9111915847559924
scaffold_109	0.5661695299225977	0.0030658665494433597	1.0
scaffold_74	1.0	0.012777785304305024	0.9648053248512694
scaffold_212	1.0	1.0	1.0
scaffold_257	1.0	1.0	1.0
scaffold_89	1.0	0.004162366827013855	0.7527016838401609
scaffold_141	0.7553784860557768	0.0007333124994198477	1.0
scaffold_182	1.0	0.009325800276859695	0.8262784090909091
scaffold_287	1.0	1.0	1.0
scaffold_304	1.0	0.0001885466924261052	0.678082191780822
scaffold_134	1.0	0.004662341918853401	0.616529449018366
scaffold_119	0.6993219546411036	0.0019601109877622493	1.0
scaffold_349	1.0	1.0	1.0
scaffold_171	1.0	0.0021144392267857244	0.9768385864374403
scaffold_215	1.0	0.0008211932519899388	0.5223097112860893
scaffold_131	1.0	1.0	1.0
scaffold_247	1.0	1.0	1.0
scaffold_259	1.0	1.0	1.0
scaffold_355	1.0	1.0	1.0
scaffold_176	0.9680437853107344	0.003797612137952434	1.0
scaffold_102	1.0	0.002150208978988371	0.9771349862258953
scaffold_264	1.0	0.0009222970864281889	1.0
scaffold_216	1.0	0.0015755176427346238	1.0
scaffold_188	1.0	0.0019203196637860276	1.0
scaffold_225	1.0	0.0008376550862084824	1.0
scaffold_144	0.659519882719443	1.0	1.0
scaffold_276	1.0	1.0	1.0
scaffold_313	1.0	1.0	1.0
scaffold_154	1.0	1.0	1.0
scaffold_133	1.0	1.0	1.0
scaffold_187	0.9385263769800901	1.0	1.0
scaffold_49	1.0	0.14577811085131748	1.0
scaffold_59	1.0	0.0012643056959561819	0.9285714285714286
scaffold_123	0.5912866587557213	0.0011617248950184383	0.9383600917431193
scaffold_146	1.0	0.018322279717221775	1.0
scaffold_167	0.9474868717179294	1.0	1.0
scaffold_47	1.0	0.035260034881036295	1.0
scaffold_60	1.0	1.0	1.0
scaffold_300	1.0	1.0	1.0
scaffold_293	1.0	1.0	1.0
scaffold_76	1.0	1.0	1.0
scaffold_136	1.0	1.0	1.0
scaffold_64	1.0	0.09621266145446111	1.0
scaffold_138	1.0	1.0	1.0
scaffold_90	1.0	1.0	1.0
scaffold_87	0.8026440037771483	0.0008375806335591297	0.7129411764705882
scaffold_97	0.5050658561296859	0.0005193638860295803	0.5947843530591775
scaffold_160	1.0	1.0	1.0
scaffold_105	0.5775274872620005	0.005136843350607209	1.0
scaffold_58	1.0	0.028646818414429825	1.0
scaffold_81	0.774257889466714	0.02510693510312511	1.0
scaffold_368	1.0	1.0	1.0
scaffold_239	1.0	0.0014639583849393113	1.0
scaffold_309	1.0	1.0	1.0
scaffold_178	1.0	1.0	1.0
scaffold_80	0.9861942729500822	1.0	1.0
scaffold_129	1.0	1.0	1.0
scaffold_126	0.5801853997682503	1.0	1.0
scaffold_135	0.7629781420765027	1.0	1.0
scaffold_211	0.6290821588174631	1.0	1.0
scaffold_22	0.9898866314285887	0.972965191706861	1.0
scaffold_16	1.0	1.0	1.0
scaffold_92	0.6300588447219887	1.0	1.0
scaffold_13	0.9999306466256431	0.3969028534501504	0.992831586417846
scaffold_45	0.730047988187523	0.9968497189949344	0.5409061030489963
scaffold_251	1.0	1.0	1.0
scaffold_20	1.0	1.0	1.0
scaffold_55	1.0	1.0	1.0
scaffold_30	0.9715947816826411	0.9714085691773675	1.0
scaffold_10	1.0	1.0	1.0
scaffold_46	0.6686692055999571	1.0	1.0
scaffold_8	0.9793527941345661	1.0	1.0
scaffold_19	0.9813342500828758	0.9733985959170659	0.9938034294969494
scaffold_68	0.7501737662595571	1.0	1.0
scaffold_284	0.7777777777777778	1.0	1.0
scaffold_361	1.0	1.0	1.0
scaffold_157	0.9938759383642829	1.0	1.0
scaffold_245	1.0	1.0	1.0
scaffold_208	1.0	0.021422013669284912	0.8595238095238096
scaffold_95	0.5063669346233194	0.003922599474378284	0.5418656926102838
scaffold_14	0.9994208076124347	0.9902968501775777	1.0
scaffold_52	1.0	1.0	1.0
scaffold_288	1.0	1.0	1.0
scaffold_38	1.0	1.0	1.0
scaffold_23	1.0	0.9545318053646392	1.0
scaffold_35	0.9810394815005276	0.9289021344470796	1.0
scaffold_319	1.0	1.0	1.0
scaffold_26	0.949487083028091	0.972420055110322	0.9852130232902993
scaffold_32	1.0	1.0	1.0
scaffold_353	1.0	1.0	1.0
scaffold_139	0.7367766023646546	0.19779485466087537	0.8555743243243243
scaffold_12	0.9911708406976356	0.9923999644739575	1.0
scaffold_36	0.9752911134341243	1.0	1.0
