query	grouping_confidence	location_confidence	orientation_confidence
scaffold_28	0.9998726710278579	0.7167216038567255	0.9692325678008739
scaffold_8	1.0	0.9915330623381844	0.995771152992495
scaffold_2	1.0	0.6639131923394821	1.0
scaffold_97	1.0	1.0	1.0
scaffold_127	1.0	1.0	1.0
scaffold_17	0.9999345232898674	1.0	1.0
scaffold_27	1.0	0.9548533980886278	1.0
scaffold_53	0.5007823661473569	1.0	1.0
scaffold_166	1.0	1.0	1.0
scaffold_52	0.8909304910743477	0.021124096508826382	1.0
scaffold_90	0.7771784931737739	1.0	1.0
scaffold_131	1.0	1.0	1.0
scaffold_82	0.3411810869138709	1.0	1.0
scaffold_56	0.6033317908375752	1.0	1.0
scaffold_109	1.0	1.0	1.0
scaffold_45	0.4241236768535997	0.08098108008230415	0.7621971830985915
scaffold_95	0.6484013673838729	1.0	1.0
scaffold_50	1.0	1.0	1.0
scaffold_42	1.0	0.024179517553578406	0.9549912702052508
scaffold_118	0.7634806757694979	1.0	1.0
scaffold_83	0.5769804194414074	0.29547999592792423	0.8291128337639966
scaffold_1	0.9975035336649395	0.9086719581468706	0.9988938819186927
scaffold_77	1.0	0.0001950005109786761	1.0
scaffold_3	0.9989330011264563	0.9748741794526659	0.9997728484680634
scaffold_34	1.0	1.0	1.0
scaffold_23	0.804846487803915	1.0	1.0
scaffold_15	1.0	0.9832115394039281	1.0
scaffold_43	0.571596113034737	1.0	1.0
scaffold_137	1.0	1.0	1.0
scaffold_132	1.0	1.0	1.0
scaffold_103	0.9980327868852459	0.024062622897040194	0.826626149802891
scaffold_214	1.0	1.0	1.0
scaffold_169	1.0	1.0	1.0
scaffold_193	0.950920245398773	1.0	1.0
scaffold_87	0.7970793064241046	1.0	1.0
scaffold_79	1.0	0.010874573338724389	1.0
scaffold_115	0.9469474806718209	0.00126518660255723	0.6275337837837838
scaffold_74	0.9408873846724466	0.0048580677702129635	0.9928057553956835
scaffold_60	0.7064305230288837	0.017398880049989185	1.0
scaffold_151	1.0	1.0	1.0
scaffold_71	0.6880647104380002	0.003434915946369604	0.7850175087543771
scaffold_64	0.534746984295577	1.0	1.0
scaffold_51	0.37375700596637135	1.0	1.0
scaffold_158	1.0	1.0	1.0
scaffold_124	1.0	1.0	1.0
scaffold_160	1.0	1.0	1.0
scaffold_175	1.0	1.0	1.0
scaffold_220	1.0	1.0	1.0
scaffold_171	1.0	1.0	1.0
scaffold_120	1.0	0.4197355996222852	0.6885264341957256
scaffold_186	1.0	1.0	1.0
scaffold_102	1.0	0.010600136784025027	1.0
scaffold_242	1.0	1.0	1.0
scaffold_70	1.0	1.0	1.0
scaffold_41	0.6136773586385381	1.0	1.0
scaffold_92	0.34830493890896574	0.0010775219550422065	0.6091897233201581
scaffold_84	0.8310031886190826	1.0	1.0
scaffold_59	0.8727535498199573	0.0327566059783633	1.0
scaffold_7	0.7709524841252646	0.2596173295231963	0.9997604734497357
scaffold_130	1.0	0.0016180386365882025	0.9883399209486166
scaffold_101	0.9928192664604507	0.06565748810976278	0.9280071213975742
scaffold_31	1.0	0.8775700444043207	0.9956841176006181
scaffold_10	0.9982137835151984	0.9962816564559869	1.0
scaffold_48	1.0	1.0	1.0
scaffold_19	1.0	1.0	1.0
scaffold_4	0.6860452520786342	0.9891430837826176	1.0
scaffold_21	0.746399289993646	1.0	1.0
scaffold_24	0.9542386525481454	0.9276742317366508	0.9990322489631239
scaffold_223	1.0	1.0	1.0
scaffold_39	1.0	1.0	1.0
scaffold_98	1.0	1.0	1.0
scaffold_167	1.0	1.0	1.0
scaffold_26	1.0	1.0	1.0
scaffold_18	1.0	0.9941282180324292	1.0
scaffold_32	1.0	1.0	1.0
scaffold_11	1.0	0.9857031631797919	0.9997605883118083
scaffold_67	0.4189866851115338	0.0029213202727932006	1.0
scaffold_5	0.8219437647600454	0.9513199483183418	0.995412736980497
scaffold_205	1.0	1.0	1.0
scaffold_12	1.0	0.9958851815933969	0.9813998489546899
scaffold_47	1.0	1.0	1.0
scaffold_244	1.0	1.0	1.0
scaffold_63	0.6464598997493735	0.011256518798140915	0.9515386479282772
scaffold_30	0.979802920470221	0.18203882627729773	0.9996690636183125
scaffold_20	1.0	1.0	1.0
scaffold_168	1.0	1.0	1.0
scaffold_33	1.0	1.0	1.0
scaffold_96	1.0	1.0	1.0
scaffold_100	1.0	0.343846949327818	0.98796992481203
scaffold_13	0.9844583914765851	1.0	1.0
scaffold_69	1.0	1.0	1.0
scaffold_37	0.9570180815200735	1.0	1.0
scaffold_54	0.9918853779354948	0.5542869132059126	1.0
scaffold_16	1.0	1.0	1.0
scaffold_195	1.0	1.0	1.0
scaffold_134	1.0	1.0	1.0
scaffold_206	1.0	1.0	1.0
scaffold_149	1.0	1.0	1.0
scaffold_121	0.7131960335621663	1.0	1.0
scaffold_35	0.9657925620947727	1.0	1.0
scaffold_25	0.8737716560770299	0.9768820088384806	1.0
scaffold_208	1.0	1.0	1.0
scaffold_141	1.0	1.0	1.0
scaffold_91	1.0	1.0	1.0
scaffold_105	0.9836608863198458	1.0	1.0
scaffold_108	0.7777301927194861	1.0	1.0
scaffold_75	0.5315351855607382	0.03595414988531984	1.0
scaffold_62	0.4778290670023779	1.0	1.0
scaffold_73	0.6392130633331796	1.0	1.0
scaffold_57	0.90876700496653	0.038466811692228944	0.6494000237614352
scaffold_68	0.749197195097975	0.019299873129332953	1.0
scaffold_38	0.5206013807414501	1.0	1.0
scaffold_86	1.0	0.985277649693696	0.5586829349824503
scaffold_14	0.7436657708580984	0.9305173619464987	0.9965457289188578
scaffold_135	0.5281818181818182	1.0	1.0
scaffold_210	1.0	1.0	1.0
scaffold_133	0.6705667276051188	1.0	1.0
scaffold_147	1.0	1.0	1.0
scaffold_150	1.0	1.0	1.0
scaffold_140	0.7294429708222812	1.0	1.0
scaffold_194	1.0	1.0	1.0
scaffold_176	1.0	1.0	1.0
scaffold_182	1.0	1.0	1.0
scaffold_225	1.0	1.0	1.0
scaffold_174	1.0	1.0	1.0
scaffold_81	0.7549490997115098	1.0	1.0
scaffold_72	1.0	1.0	1.0
scaffold_107	1.0	1.0	1.0
scaffold_184	1.0	1.0	1.0
scaffold_239	1.0	1.0	1.0
scaffold_119	1.0	1.0	1.0
scaffold_55	1.0	1.0	1.0
scaffold_40	0.9921068725632597	0.11393960943896085	1.0
scaffold_113	1.0	1.0	1.0
scaffold_78	0.9910247886788869	0.026578855869980246	0.8724902966121999
scaffold_6	0.5824995712080498	1.0	1.0
scaffold_117	0.6827286470143613	1.0	1.0
scaffold_22	0.9509648312124147	0.9957297858105553	1.0
scaffold_46	0.3848069738480697	1.0	1.0
scaffold_138	1.0	1.0	1.0
scaffold_94	0.7062615101289135	1.0	1.0
scaffold_49	0.676641012688319	0.9171869335803762	0.7078301348206052
scaffold_93	1.0	1.0	1.0
scaffold_29	1.0	0.9681471632568364	1.0
scaffold_36	0.9794981623080742	1.0	1.0
scaffold_128	1.0	1.0	1.0
scaffold_9	0.6865162027494872	1.0	1.0
scaffold_222	1.0	1.0	1.0
scaffold_204	1.0	1.0	1.0
scaffold_196	1.0	1.0	1.0
scaffold_145	1.0	1.0	1.0
scaffold_80	0.7942978950173195	1.0	1.0
scaffold_44	0.5186474390850323	1.0	1.0
scaffold_85	1.0	1.0	1.0
scaffold_213	1.0	1.0	1.0
