query	grouping_confidence	location_confidence	orientation_confidence
scaffold_47	0.40032459388878233	1.0	1.0
scaffold_53	0.3928192939903601	1.0	1.0
scaffold_25	0.29482649030676333	1.0	1.0
scaffold_199	0.3170323540349572	1.0	1.0
scaffold_71	0.32064015303551757	1.0	1.0
scaffold_102	0.5247150286284603	1.0	1.0
scaffold_70	0.6890629444067649	1.0	1.0
scaffold_401	1.0	1.0	1.0
scaffold_64	0.6736964030428567	1.0	1.0
scaffold_49	0.3086595461311467	1.0	1.0
scaffold_397	0.7417840375586855	1.0	1.0
scaffold_146	0.32066115702479336	1.0	1.0
scaffold_206	0.6005787268010377	1.0	1.0
scaffold_72	0.6065879351238876	1.0	1.0
scaffold_97	0.6101376549303499	1.0	1.0
scaffold_266	0.6657229524772498	1.0	1.0
scaffold_67	0.38519660984272697	1.0	1.0
scaffold_48	0.25508661320927956	1.0	1.0
scaffold_957	0.5083333333333333	1.0	1.0
scaffold_50	0.3874047332531087	1.0	1.0
scaffold_100	0.6120865285567129	1.0	1.0
scaffold_134	0.6325167037861915	1.0	1.0
scaffold_472	1.0	1.0	1.0
scaffold_190	0.6104546814238708	1.0	1.0
scaffold_296	0.5682030884417407	1.0	1.0
scaffold_65	0.28280566401655927	1.0	1.0
scaffold_43	0.3150744620030084	1.0	1.0
scaffold_301	0.9190697674418604	1.0	1.0
scaffold_950	1.0	1.0	1.0
scaffold_311	0.7625994694960212	1.0	1.0
scaffold_395	1.0	1.0	1.0
scaffold_236	0.8276553106212425	1.0	1.0
scaffold_315	0.8863121185701831	1.0	1.0
scaffold_225	0.267591674925669	1.0	1.0
scaffold_42	0.46777965606212746	1.0	1.0
scaffold_367	0.6895923102419622	1.0	1.0
scaffold_346	0.8696275071633238	1.0	1.0
scaffold_305	0.9785152838427947	1.0	1.0
scaffold_44	0.23599457873185972	1.0	1.0
scaffold_975	1.0	1.0	1.0
scaffold_135	0.31448867218696147	1.0	1.0
scaffold_62	0.5987702506334891	1.0	1.0
scaffold_78	0.7578826477343913	1.0	1.0
scaffold_464	1.0	1.0	1.0
scaffold_88	0.8423197492163009	1.0	1.0
scaffold_453	1.0	1.0	1.0
scaffold_1005	1.0	1.0	1.0
scaffold_459	1.0	1.0	1.0
scaffold_363	0.9496243923994697	1.0	1.0
scaffold_792	1.0	1.0	1.0
scaffold_208	0.9450871080139372	1.0	1.0
scaffold_404	1.0	1.0	1.0
scaffold_572	1.0	1.0	1.0
scaffold_268	0.957802988378528	1.0	1.0
scaffold_152	0.7664009809932557	1.0	1.0
scaffold_138	0.6431630242173656	1.0	1.0
scaffold_76	0.2850246801104146	1.0	1.0
scaffold_389	0.6141579152080903	1.0	1.0
scaffold_121	0.2750844187168355	1.0	1.0
scaffold_282	0.8864751226348984	1.0	1.0
scaffold_41	0.2853921007127609	1.0	1.0
scaffold_125	0.339962026581393	1.0	1.0
scaffold_37	0.33583943493245966	1.0	1.0
scaffold_39	0.2613044033184429	0.9387758845215605	1.0
scaffold_79	0.627543719756633	1.0	1.0
scaffold_456	0.9473026973026973	1.0	1.0
scaffold_45	0.2783472980765969	1.0	1.0
scaffold_403	1.0	1.0	1.0
scaffold_35	0.24484560248369555	1.0	1.0
scaffold_87	0.4681547233380847	1.0	1.0
scaffold_187	0.5272112807365109	1.0	1.0
scaffold_36	0.20169616887725014	0.9833465310349029	0.9985637876386688
scaffold_77	0.3493225871681544	1.0	1.0
scaffold_23	0.2209302124674526	0.9747150970004193	1.0
scaffold_91	0.2855005597229633	1.0	1.0
scaffold_205	0.9920481409843112	1.0	1.0
scaffold_63	0.5767915523655631	1.0	1.0
scaffold_470	1.0	1.0	1.0
scaffold_74	0.7032205372712624	1.0	1.0
scaffold_34	0.26109787629644693	1.0	1.0
scaffold_223	0.910981697171381	1.0	1.0
scaffold_234	0.8498062015503876	1.0	1.0
scaffold_95	0.8938967580221807	1.0	1.0
scaffold_281	0.7389795656085336	1.0	1.0
scaffold_231	0.640157739073283	1.0	1.0
scaffold_693	1.0	1.0	1.0
scaffold_795	1.0	1.0	1.0
scaffold_80	0.466045509285669	1.0	1.0
scaffold_539	0.719626168224299	1.0	1.0
scaffold_915	1.0	1.0	1.0
scaffold_515	1.0	1.0	1.0
scaffold_485	1.0	1.0	1.0
scaffold_52	0.2871236282036492	1.0	1.0
scaffold_966	1.0	1.0	1.0
scaffold_145	0.7431552795031056	1.0	1.0
scaffold_154	0.47838668837041054	1.0	1.0
scaffold_68	0.23721415506118057	1.0	1.0
scaffold_148	0.7248269811872502	1.0	1.0
scaffold_28	0.212155742096803	1.0	1.0
scaffold_66	0.3186891457794682	1.0	1.0
scaffold_163	0.5868549079461987	1.0	1.0
scaffold_342	1.0	1.0	1.0
scaffold_86	0.6511134442172736	1.0	1.0
scaffold_170	0.5689311794644832	1.0	1.0
scaffold_104	0.44825458845303584	1.0	1.0
scaffold_69	0.6048314769275278	1.0	1.0
scaffold_177	0.5317530148543036	1.0	1.0
scaffold_32	0.24657123264186526	1.0	1.0
scaffold_73	0.5637651122625216	1.0	1.0
scaffold_359	0.5479412192637858	1.0	1.0
scaffold_59	0.5345340032552544	1.0	1.0
scaffold_307	1.0	1.0	1.0
scaffold_517	1.0	1.0	1.0
scaffold_211	0.6928506604820006	1.0	1.0
scaffold_352	1.0	1.0	1.0
scaffold_410	1.0	1.0	1.0
scaffold_440	1.0	1.0	1.0
scaffold_449	0.5378258105530833	1.0	1.0
scaffold_460	0.9378911892152143	1.0	1.0
scaffold_554	0.602455871066769	1.0	1.0
scaffold_621	0.9665300546448088	1.0	1.0
scaffold_717	1.0	1.0	1.0
scaffold_593	0.6621004566210046	1.0	1.0
scaffold_31	0.2203650606150489	1.0	1.0
scaffold_153	0.7417075960438673	1.0	1.0
scaffold_56	0.78151693741597	1.0	1.0
scaffold_415	1.0	1.0	1.0
scaffold_200	0.4308951008084153	1.0	1.0
scaffold_567	1.0	1.0	1.0
scaffold_549	1.0	1.0	1.0
scaffold_213	0.9917443094704564	1.0	1.0
scaffold_83	0.2522847213283563	1.0	1.0
scaffold_144	0.6427504468986458	1.0	1.0
scaffold_204	0.7340911623760169	1.0	1.0
scaffold_749	0.659	1.0	1.0
scaffold_926	1.0	1.0	1.0
scaffold_905	1.0	1.0	1.0
scaffold_229	0.4361318258359394	1.0	1.0
scaffold_486	1.0	1.0	1.0
scaffold_481	0.8981132075471698	1.0	1.0
scaffold_501	0.5571428571428572	1.0	1.0
scaffold_132	0.5625	1.0	1.0
scaffold_94	0.987394540942928	1.0	1.0
scaffold_294	1.0	1.0	1.0
scaffold_227	0.6659142212189616	1.0	1.0
scaffold_46	0.2438292040712625	1.0	1.0
scaffold_565	1.0	1.0	1.0
scaffold_476	0.6110706482155863	1.0	1.0
scaffold_276	1.0	1.0	1.0
scaffold_477	0.6072834645669292	1.0	1.0
scaffold_310	0.5136986301369864	1.0	1.0
scaffold_221	0.71849234393404	1.0	1.0
scaffold_414	1.0	1.0	1.0
scaffold_325	1.0	1.0	1.0
scaffold_543	1.0	1.0	1.0
scaffold_761	1.0	1.0	1.0
scaffold_277	0.7816229116945107	1.0	1.0
scaffold_910	0.5763747454175153	1.0	1.0
scaffold_562	1.0	1.0	1.0
scaffold_378	0.4979001399906673	1.0	1.0
scaffold_903	1.0	1.0	1.0
scaffold_919	1.0	1.0	1.0
scaffold_534	0.9185185185185185	1.0	1.0
scaffold_878	1.0	1.0	1.0
scaffold_889	1.0	1.0	1.0
scaffold_636	1.0	1.0	1.0
scaffold_133	0.5948679528001498	1.0	1.0
scaffold_408	1.0	1.0	1.0
scaffold_365	0.9098214285714286	1.0	1.0
scaffold_193	0.6780856423173803	1.0	1.0
scaffold_677	1.0	1.0	1.0
scaffold_615	1.0	1.0	1.0
scaffold_216	0.6477564736113857	1.0	1.0
scaffold_127	0.37076871769217945	1.0	1.0
scaffold_115	0.5692307692307692	1.0	1.0
scaffold_291	0.703986753279837	1.0	1.0
scaffold_599	0.5117139334155364	1.0	1.0
scaffold_263	0.9596439169139466	1.0	1.0
scaffold_840	1.0	1.0	1.0
scaffold_58	0.2523633969060079	1.0	1.0
scaffold_101	0.3702590432942876	1.0	1.0
scaffold_323	0.538135593220339	1.0	1.0
scaffold_224	0.6263946445648709	1.0	1.0
scaffold_938	1.0	1.0	1.0
scaffold_331	0.5669421487603306	1.0	1.0
scaffold_601	0.7833876221498371	1.0	1.0
scaffold_533	1.0	1.0	1.0
scaffold_706	0.62890625	1.0	1.0
scaffold_583	0.49490835030549896	1.0	1.0
scaffold_188	0.2988995385161519	1.0	1.0
scaffold_575	1.0	1.0	1.0
scaffold_688	1.0	1.0	1.0
scaffold_681	1.0	1.0	1.0
scaffold_838	1.0	1.0	1.0
scaffold_564	1.0	1.0	1.0
scaffold_419	0.7110956036287509	1.0	1.0
scaffold_51	0.38452678713974014	1.0	1.0
scaffold_230	0.7980952380952381	1.0	1.0
scaffold_695	1.0	1.0	1.0
scaffold_60	0.2773961368031924	1.0	1.0
scaffold_123	0.514014014014014	1.0	1.0
scaffold_541	1.0	1.0	1.0
scaffold_122	0.9927193828351013	1.0	1.0
scaffold_233	0.9373345101500441	1.0	1.0
scaffold_503	1.0	1.0	1.0
scaffold_402	0.7271039603960396	1.0	1.0
scaffold_289	0.49050809603573425	1.0	0.6976415094339623
scaffold_495	0.9383992805755396	1.0	1.0
scaffold_279	0.43413683954224497	1.0	1.0
scaffold_991	1.0	1.0	1.0
scaffold_482	0.9393115942028986	1.0	1.0
scaffold_589	1.0	1.0	1.0
scaffold_160	0.35555555555555557	1.0	1.0
scaffold_192	1.0	1.0	1.0
scaffold_142	0.5702096759553418	1.0	1.0
scaffold_433	0.7850586435492096	1.0	1.0
scaffold_487	0.6462661426165076	1.0	1.0
scaffold_239	0.6202450032237267	1.0	1.0
scaffold_686	1.0	1.0	1.0
scaffold_381	1.0	1.0	1.0
scaffold_81	0.2932700270523933	1.0	1.0
scaffold_330	0.9791439070414143	1.0	1.0
scaffold_709	1.0	1.0	1.0
scaffold_560	1.0	1.0	1.0
scaffold_754	1.0	1.0	1.0
scaffold_443	0.6545041899441341	1.0	1.0
scaffold_468	0.877950101146325	1.0	1.0
scaffold_85	0.6978864140162875	1.0	1.0
scaffold_129	0.43112277286385375	1.0	1.0
scaffold_161	0.6054592648413296	1.0	1.0
scaffold_450	0.9683372534829021	1.0	1.0
scaffold_574	0.7485361093038386	1.0	1.0
scaffold_731	1.0	1.0	1.0
scaffold_782	1.0	1.0	1.0
scaffold_295	1.0	1.0	1.0
scaffold_166	0.6303088803088803	1.0	1.0
scaffold_54	0.25092090402244493	1.0	1.0
scaffold_780	1.0	1.0	1.0
scaffold_264	0.892170077196422	1.0	1.0
scaffold_82	0.4532844555183244	1.0	1.0
scaffold_75	0.48679270482437265	1.0	1.0
scaffold_778	1.0	1.0	1.0
scaffold_882	1.0	1.0	1.0
scaffold_265	0.6928440686829949	1.0	1.0
scaffold_114	0.6630937880633374	1.0	1.0
scaffold_336	0.47923875432525953	1.0	1.0
scaffold_437	1.0	1.0	1.0
scaffold_222	1.0	1.0	1.0
scaffold_369	0.287311618862421	1.0	1.0
scaffold_106	0.7108809583229349	1.0	1.0
scaffold_98	0.7172857119956397	0.9853122522681229	0.9402838305955973
scaffold_463	1.0	1.0	1.0
scaffold_467	0.5496688741721855	1.0	1.0
scaffold_759	1.0	1.0	1.0
scaffold_253	0.8226622989874925	1.0	1.0
scaffold_274	0.9561078794288737	1.0	1.0
scaffold_380	0.5025787965616045	1.0	1.0
scaffold_328	0.9533721898417985	1.0	1.0
scaffold_345	0.6326361221779548	1.0	1.0
scaffold_478	0.5284227381905524	1.0	1.0
scaffold_701	0.7440860215053764	1.0	1.0
scaffold_257	0.9242137514643597	1.0	1.0
scaffold_739	1.0	1.0	1.0
scaffold_109	0.4260117182177408	1.0	1.0
scaffold_171	0.48434543265095475	1.0	1.0
scaffold_800	1.0	1.0	1.0
scaffold_997	1.0	1.0	1.0
scaffold_697	1.0	1.0	1.0
scaffold_639	1.0	1.0	1.0
scaffold_360	1.0	1.0	1.0
scaffold_242	0.6897271134106651	1.0	1.0
scaffold_425	0.5319037656903766	1.0	1.0
scaffold_318	1.0	1.0	1.0
scaffold_398	0.8953271028037383	1.0	1.0
scaffold_1011	1.0	1.0	1.0
scaffold_513	1.0	1.0	1.0
scaffold_853	1.0	1.0	1.0
scaffold_738	1.0	1.0	1.0
scaffold_427	0.8655857740585774	1.0	1.0
scaffold_824	1.0	1.0	1.0
scaffold_385	1.0	1.0	1.0
scaffold_979	1.0	1.0	1.0
scaffold_954	1.0	1.0	1.0
scaffold_963	1.0	1.0	1.0
scaffold_851	1.0	1.0	1.0
scaffold_585	1.0	1.0	1.0
scaffold_112	0.8012718600953895	1.0	1.0
scaffold_466	0.5867406542056075	1.0	1.0
scaffold_150	0.885777045579352	1.0	1.0
scaffold_89	0.3182751540041068	1.0	1.0
scaffold_658	1.0	1.0	1.0
scaffold_119	0.6127025535544073	1.0	1.0
scaffold_261	1.0	1.0	1.0
scaffold_356	0.48697711128650356	1.0	1.0
scaffold_371	0.9481865284974094	1.0	1.0
scaffold_128	0.5396904147648343	1.0	1.0
scaffold_108	0.5820838084378563	1.0	1.0
scaffold_566	0.5911485774499473	1.0	1.0
scaffold_384	0.5324283559577677	1.0	1.0
scaffold_196	0.5814647335788541	1.0	1.0
scaffold_228	0.9213775178687459	0.7244858858091711	0.7274330042313117
scaffold_149	0.38016836268974613	1.0	1.0
scaffold_55	0.30535348497900067	1.0	1.0
scaffold_136	0.7447868515665126	1.0	1.0
scaffold_270	0.7885906040268457	1.0	1.0
scaffold_249	0.4643645854246135	1.0	1.0
scaffold_110	0.47570632759611303	1.0	1.0
scaffold_293	0.391812865497076	1.0	1.0
scaffold_783	1.0	1.0	1.0
scaffold_366	0.48823529411764705	1.0	1.0
scaffold_523	1.0	1.0	1.0
scaffold_757	1.0	1.0	1.0
scaffold_785	1.0	1.0	1.0
scaffold_300	0.9245	1.0	1.0
scaffold_457	1.0	1.0	1.0
scaffold_180	0.6410203235172127	1.0	1.0
scaffold_431	1.0	1.0	1.0
scaffold_61	0.2914087176247631	1.0	1.0
scaffold_474	0.8575129533678757	1.0	1.0
scaffold_581	1.0	1.0	1.0
scaffold_321	0.5998975409836066	0.47874080130825836	0.9333902647309992
scaffold_663	0.6966292134831461	1.0	1.0
scaffold_400	1.0	1.0	1.0
scaffold_184	0.8151471643933955	1.0	1.0
scaffold_490	0.7401574803149606	1.0	1.0
scaffold_526	1.0	1.0	1.0
scaffold_347	0.6745350500715308	1.0	1.0
scaffold_218	1.0	1.0	1.0
scaffold_168	0.6298511817916546	1.0	1.0
scaffold_292	0.3974878444084279	1.0	1.0
scaffold_286	0.6012832263978002	1.0	1.0
scaffold_117	0.30875319764208653	1.0	1.0
scaffold_669	0.5907230559345157	1.0	1.0
scaffold_388	0.5646289194676292	1.0	1.0
scaffold_283	0.8048117154811716	1.0	1.0
scaffold_285	0.8549253731343284	1.0	1.0
scaffold_362	0.7339055793991416	1.0	1.0
scaffold_825	1.0	1.0	1.0
scaffold_181	0.4648865473268275	1.0	1.0
scaffold_823	1.0	1.0	1.0
scaffold_258	0.9753623188405797	1.0	1.0
scaffold_628	1.0	1.0	1.0
scaffold_446	1.0	1.0	1.0
scaffold_394	0.6196013289036545	1.0	1.0
scaffold_259	0.4912033779028853	0.24093890231273732	0.8424068767908309
scaffold_514	1.0	1.0	1.0
scaffold_946	1.0	1.0	1.0
scaffold_156	0.879124125931519	1.0	1.0
scaffold_1031	1.0	1.0	1.0
scaffold_434	1.0	1.0	1.0
scaffold_303	0.5363913463682998	1.0	1.0
scaffold_647	1.0	1.0	1.0
scaffold_483	0.7107221006564551	1.0	1.0
scaffold_219	0.7743584167029143	1.0	1.0
scaffold_489	1.0	1.0	1.0
scaffold_162	0.7961683417085427	1.0	1.0
scaffold_143	0.5352396141869826	1.0	1.0
scaffold_240	0.9071803852889667	1.0	1.0
scaffold_174	0.6671472857039867	1.0	1.0
scaffold_209	1.0	1.0	1.0
scaffold_130	0.28387861113642576	1.0	1.0
scaffold_465	0.5910025119890386	1.0	1.0
scaffold_238	0.5614702154626109	1.0	1.0
scaffold_92	0.8503763171098846	1.0	1.0
scaffold_287	0.639686684073107	1.0	1.0
scaffold_139	0.4723616326817113	1.0	1.0
scaffold_151	0.7793736951983299	1.0	1.0
scaffold_220	1.0	1.0	1.0
scaffold_531	0.5532407407407407	1.0	1.0
scaffold_661	0.5830508474576271	1.0	1.0
scaffold_207	0.9439799331103679	1.0	1.0
scaffold_304	1.0	1.0	1.0
scaffold_702	1.0	1.0	1.0
scaffold_766	1.0	1.0	1.0
scaffold_326	0.5955947136563877	1.0	1.0
scaffold_260	0.6118815271357644	1.0	1.0
scaffold_586	1.0	1.0	1.0
scaffold_164	0.40396809163428105	1.0	1.0
scaffold_893	1.0	1.0	1.0
scaffold_712	0.7698887938408896	1.0	1.0
scaffold_428	1.0	1.0	1.0
scaffold_512	1.0	1.0	1.0
scaffold_165	0.5302089215132694	1.0	1.0
scaffold_424	1.0	1.0	1.0
scaffold_333	0.25940996948118006	1.0	1.0
scaffold_275	0.4978412487545666	1.0	1.0
scaffold_678	0.5550239234449761	1.0	1.0
scaffold_297	0.7941176470588235	1.0	1.0
scaffold_314	0.746774788057501	1.0	1.0
scaffold_120	0.4592194437952793	1.0	1.0
scaffold_246	0.6396503774334525	1.0	1.0
scaffold_250	0.8508850348650099	1.0	1.0
scaffold_107	0.3415684496826836	1.0	1.0
scaffold_195	0.532797769220555	1.0	1.0
scaffold_313	0.43471074380165287	1.0	1.0
scaffold_436	0.7010869565217391	1.0	1.0
scaffold_178	0.2035577117444916	1.0	1.0
scaffold_939	1.0	1.0	1.0
scaffold_1024	1.0	1.0	1.0
scaffold_610	1.0	1.0	1.0
scaffold_445	0.7516490765171504	1.0	1.0
scaffold_140	0.41340213678319643	1.0	1.0
scaffold_368	0.8068852459016393	1.0	1.0
scaffold_341	0.6635206321334504	1.0	1.0
scaffold_555	0.9796610169491525	1.0	1.0
scaffold_93	0.28209233613389895	1.0	1.0
scaffold_1036	1.0	1.0	1.0
scaffold_141	0.28996115924708693	1.0	1.0
scaffold_396	0.8172043010752689	1.0	1.0
scaffold_176	0.45901639344262296	1.0	1.0
scaffold_498	1.0	1.0	1.0
scaffold_215	0.4078014184397163	1.0	0.5
scaffold_502	0.5628140703517588	1.0	1.0
scaffold_744	1.0	1.0	1.0
scaffold_821	1.0	1.0	1.0
scaffold_972	1.0	1.0	1.0
scaffold_859	1.0	1.0	1.0
scaffold_828	1.0	1.0	1.0
scaffold_784	1.0	1.0	1.0
scaffold_302	1.0	1.0	1.0
scaffold_186	0.6157715743233668	1.0	1.0
scaffold_175	0.4334763948497854	1.0	1.0
scaffold_763	1.0	1.0	1.0
scaffold_417	0.46352723915050786	1.0	1.0
scaffold_842	1.0	1.0	1.0
scaffold_137	0.4583853805227851	1.0	1.0
scaffold_679	0.9225806451612903	1.0	1.0
scaffold_113	0.3651312626214059	1.0	1.0
scaffold_131	0.36752365648991253	1.0	1.0
scaffold_637	1.0	1.0	1.0
scaffold_426	0.4062915374390784	1.0	1.0
scaffold_273	0.47914887007843443	1.0	1.0
scaffold_500	0.6067235859124867	1.0	1.0
scaffold_511	0.5869017632241813	1.0	1.0
scaffold_247	0.33088774761555395	1.0	1.0
scaffold_430	0.6179604261796042	1.0	1.0
scaffold_634	1.0	1.0	1.0
scaffold_537	1.0	1.0	1.0
scaffold_405	1.0	1.0	1.0
scaffold_571	1.0	1.0	1.0
scaffold_340	0.7101123595505618	1.0	1.0
scaffold_382	0.35943983402489627	1.0	1.0
scaffold_723	1.0	1.0	1.0
scaffold_299	0.7926242650988776	1.0	1.0
scaffold_435	0.7691652470187393	1.0	1.0
scaffold_484	0.9663608562691132	1.0	1.0
scaffold_618	1.0	1.0	1.0
scaffold_411	0.5304082199389059	1.0	1.0
scaffold_707	1.0	1.0	1.0
scaffold_580	1.0	1.0	1.0
scaffold_1016	1.0	1.0	1.0
scaffold_377	1.0	1.0	1.0
scaffold_329	0.6683442375440363	1.0	1.0
scaffold_493	1.0	1.0	1.0
scaffold_540	1.0	1.0	1.0
scaffold_896	1.0	1.0	1.0
scaffold_740	1.0	1.0	1.0
scaffold_327	0.6094839609483961	1.0	1.0
scaffold_332	1.0	1.0	1.0
scaffold_708	0.8480446927374302	1.0	1.0
scaffold_530	0.5237849017580145	1.0	1.0
scaffold_873	1.0	1.0	1.0
scaffold_422	1.0	1.0	1.0
scaffold_737	1.0	1.0	1.0
scaffold_532	1.0	1.0	1.0
scaffold_441	1.0	1.0	1.0
scaffold_103	0.3044723128901105	1.0	1.0
scaffold_504	0.5764705882352941	1.0	1.0
scaffold_267	0.5560109289617486	1.0	1.0
scaffold_118	0.35992217898832685	1.0	1.0
scaffold_602	1.0	1.0	1.0
scaffold_880	1.0	1.0	1.0
scaffold_147	0.30026555386949927	1.0	1.0
scaffold_358	1.0	1.0	1.0
scaffold_172	0.8108308605341247	1.0	1.0
scaffold_126	0.3323915807317418	1.0	1.0
scaffold_203	0.549614861803353	1.0	1.0
scaffold_167	0.5227601156069365	1.0	1.0
scaffold_324	1.0	1.0	1.0
scaffold_241	0.3540108331183905	1.0	1.0
scaffold_235	0.6888888888888889	1.0	1.0
scaffold_269	0.5567010309278351	1.0	1.0
scaffold_350	0.2980649188514357	1.0	1.0
scaffold_182	0.5682281059063137	1.0	1.0
scaffold_245	0.4092093831450912	1.0	1.0
scaffold_185	0.8699308540459727	1.0	1.0
scaffold_509	1.0	1.0	1.0
scaffold_320	0.9355555555555556	1.0	1.0
scaffold_461	1.0	1.0	1.0
scaffold_1019	0.717948717948718	1.0	1.0
scaffold_317	0.5613855298216848	1.0	1.0
scaffold_271	0.4494212380473075	1.0	1.0
scaffold_772	1.0	1.0	1.0
scaffold_837	1.0	1.0	1.0
scaffold_357	0.4453080568720379	1.0	1.0
scaffold_497	1.0	1.0	1.0
scaffold_111	0.5177935943060499	1.0	1.0
scaffold_943	1.0	1.0	1.0
scaffold_169	0.6822638146167558	1.0	1.0
scaffold_439	0.3175745118191161	1.0	1.0
scaffold_831	1.0	1.0	1.0
scaffold_379	1.0	1.0	1.0
scaffold_519	1.0	1.0	1.0
scaffold_718	1.0	1.0	1.0
scaffold_819	1.0	1.0	1.0
scaffold_361	0.38201383551114526	1.0	1.0
scaffold_694	0.7087576374745418	1.0	1.0
scaffold_309	0.40831043956043955	1.0	1.0
scaffold_656	1.0	1.0	1.0
scaffold_535	0.6252587991718427	1.0	1.0
scaffold_548	0.5978905735003296	1.0	1.0
scaffold_705	0.8405951115834219	1.0	1.0
scaffold_649	0.5667634252539913	1.0	1.0
scaffold_525	0.3843537414965986	1.0	1.0
scaffold_607	1.0	1.0	1.0
scaffold_201	1.0	1.0	1.0
scaffold_454	0.6865079365079365	1.0	1.0
scaffold_448	1.0	1.0	1.0
