query	grouping_confidence	location_confidence	orientation_confidence
scaffold_557	0.6419753086419753	1.0	1.0
scaffold_95	0.9983311041935445	1.0	1.0
scaffold_587	1.0	1.0	1.0
scaffold_25	0.8697333577378983	1.0	1.0
scaffold_78	0.6651317040197714	1.0	1.0
scaffold_1055	1.0	1.0	1.0
scaffold_848	1.0	1.0	1.0
scaffold_268	0.3961758616490074	1.0	1.0
scaffold_104	0.6108468256035534	1.0	1.0
scaffold_355	0.793057587445139	1.0	1.0
scaffold_766	1.0	1.0	1.0
scaffold_187	0.6542008196721312	1.0	1.0
scaffold_240	1.0	1.0	1.0
scaffold_98	0.7751069597308861	1.0	1.0
scaffold_696	1.0	1.0	1.0
scaffold_927	1.0	1.0	1.0
scaffold_382	1.0	1.0	1.0
scaffold_64	0.5655920712282517	1.0	1.0
scaffold_1324	1.0	1.0	1.0
scaffold_300	0.8018018018018018	1.0	1.0
scaffold_81	0.9111665967677438	1.0	1.0
scaffold_116	1.0	1.0	1.0
scaffold_1475	1.0	1.0	1.0
scaffold_317	1.0	1.0	1.0
scaffold_71	1.0	0.9850642653125992	1.0
scaffold_97	0.8943357030122351	1.0	1.0
scaffold_66	0.5924168445352364	1.0	1.0
scaffold_123	0.6008297525559342	1.0	1.0
scaffold_86	1.0	1.0	1.0
scaffold_129	1.0	1.0	1.0
scaffold_52	0.9949815618417638	1.0	1.0
scaffold_495	0.6728800210028879	1.0	1.0
scaffold_87	0.9938422412239422	1.0	1.0
scaffold_60	0.8775012590229981	1.0	1.0
scaffold_96	1.0	1.0	1.0
scaffold_169	1.0	1.0	1.0
scaffold_63	1.0	1.0	1.0
scaffold_58	0.878741151993925	1.0	1.0
scaffold_39	0.9783070228342857	0.9904088622879094	1.0
scaffold_673	1.0	1.0	1.0
scaffold_414	0.6720545977011494	1.0	1.0
scaffold_674	1.0	1.0	1.0
scaffold_1061	1.0	1.0	1.0
scaffold_55	0.5606486486486486	1.0	1.0
scaffold_1505	1.0	1.0	1.0
scaffold_254	1.0	1.0	1.0
scaffold_364	0.7532400207361327	1.0	1.0
scaffold_94	0.43207211033636544	1.0	1.0
scaffold_3	0.4634909968858339	0.9942804883552389	1.0
scaffold_82	1.0	1.0	1.0
scaffold_164	0.5755747345910028	1.0	1.0
scaffold_118	0.4907760223048327	1.0	1.0
scaffold_128	1.0	1.0	1.0
scaffold_80	0.9399869487358485	0.9692358247725157	0.9922343577200332
scaffold_1036	0.6381278538812786	1.0	1.0
scaffold_827	1.0	1.0	1.0
scaffold_1509	1.0	1.0	1.0
scaffold_388	1.0	1.0	1.0
scaffold_1313	1.0	1.0	1.0
scaffold_577	0.9490818030050083	1.0	1.0
scaffold_879	1.0	1.0	1.0
scaffold_107	0.7787316318638824	1.0	1.0
scaffold_1107	1.0	1.0	1.0
scaffold_93	0.8930159467133342	1.0	1.0
scaffold_1349	1.0	1.0	1.0
scaffold_223	0.9565957446808511	1.0	1.0
scaffold_122	0.29231882746765586	1.0	1.0
scaffold_67	0.9849205163170381	1.0	1.0
scaffold_818	1.0	1.0	1.0
scaffold_1139	1.0	1.0	1.0
scaffold_79	0.25430377566030987	1.0	1.0
scaffold_61	0.9963693954858249	1.0	1.0
scaffold_121	1.0	1.0	1.0
scaffold_51	0.9986160471161566	1.0	1.0
scaffold_32	0.7047680177472337	1.0	1.0
scaffold_515	1.0	1.0	1.0
scaffold_145	0.759110835584289	1.0	1.0
scaffold_90	0.6909953979697581	1.0	1.0
scaffold_206	0.9976225854383358	1.0	1.0
scaffold_236	0.9909717272511286	1.0	1.0
scaffold_34	0.8407232072163197	1.0	1.0
scaffold_264	1.0	1.0	1.0
scaffold_17	0.5150744473013186	1.0	1.0
scaffold_77	1.0	1.0	1.0
scaffold_33	0.9848752656436901	1.0	1.0
scaffold_302	0.8651162790697674	1.0	1.0
scaffold_914	1.0	1.0	1.0
scaffold_1156	1.0	1.0	1.0
scaffold_399	0.8196994991652755	1.0	1.0
scaffold_53	0.980704547027476	1.0	1.0
scaffold_1157	1.0	1.0	1.0
scaffold_443	1.0	1.0	1.0
scaffold_452	0.6153130812151271	1.0	1.0
scaffold_260	1.0	1.0	1.0
scaffold_933	1.0	1.0	1.0
scaffold_329	0.4639369539146822	1.0	1.0
scaffold_304	0.5033414337788579	1.0	1.0
scaffold_1404	1.0	1.0	1.0
scaffold_1557	1.0	1.0	1.0
scaffold_54	0.48192983519480737	1.0	1.0
scaffold_73	0.9760708733389061	0.9783868441660141	1.0
scaffold_203	1.0	1.0	1.0
scaffold_85	0.8167279209269255	0.9991301897656413	0.9948501643042817
scaffold_178	0.761376673040153	1.0	1.0
scaffold_137	0.5952141057934509	1.0	1.0
scaffold_363	0.6306122448979592	1.0	1.0
scaffold_83	0.9442759178570772	1.0	1.0
scaffold_1261	1.0	1.0	1.0
scaffold_1412	1.0	1.0	1.0
scaffold_532	1.0	1.0	1.0
scaffold_159	0.42004744236968555	1.0	1.0
scaffold_8	0.8462472294597734	0.9953685523203702	1.0
scaffold_207	0.266543982333456	1.0	1.0
scaffold_1438	1.0	1.0	1.0
scaffold_20	0.47544709879990166	1.0	1.0
scaffold_10	1.0	1.0	1.0
scaffold_603	1.0	1.0	1.0
scaffold_1588	1.0	1.0	1.0
scaffold_338	0.7596673596673597	1.0	1.0
scaffold_1436	0.7504690431519699	1.0	1.0
scaffold_466	0.5698125949687658	1.0	1.0
scaffold_2	0.6731007885687623	1.0	1.0
scaffold_275	1.0	1.0	1.0
scaffold_500	0.9251612903225807	1.0	1.0
scaffold_72	0.748511436721148	1.0	1.0
scaffold_108	0.9712386182974418	1.0	1.0
scaffold_1222	1.0	1.0	1.0
scaffold_156	1.0	1.0	1.0
scaffold_19	0.9937114239193088	1.0	1.0
scaffold_250	1.0	1.0	1.0
scaffold_44	1.0	1.0	1.0
scaffold_4	0.9996718888723455	0.9887964960414104	1.0
scaffold_314	0.5789308176100629	1.0	1.0
scaffold_352	1.0	1.0	1.0
scaffold_11	0.5635314588491058	1.0	1.0
scaffold_99	1.0	1.0	1.0
scaffold_12	1.0	1.0	1.0
scaffold_1401	1.0	1.0	1.0
scaffold_48	0.9615879632320582	1.0	1.0
scaffold_31	1.0	1.0	1.0
scaffold_35	0.8401837488083839	1.0	1.0
scaffold_861	1.0	1.0	1.0
scaffold_197	0.37338686550043015	1.0	1.0
scaffold_148	0.3544132981659817	1.0	1.0
scaffold_113	0.435601294265684	1.0	1.0
scaffold_109	0.41869830213321724	1.0	1.0
scaffold_1239	1.0	1.0	1.0
scaffold_725	1.0	1.0	1.0
scaffold_333	0.7961977186311787	1.0	1.0
scaffold_899	1.0	1.0	1.0
scaffold_285	1.0	1.0	1.0
scaffold_75	0.33854780527875994	1.0	1.0
scaffold_211	0.9646535625589588	1.0	1.0
scaffold_801	0.9347214406302757	1.0	1.0
scaffold_429	1.0	1.0	1.0
scaffold_462	0.5881561238223418	1.0	1.0
scaffold_1381	1.0	1.0	1.0
scaffold_578	1.0	1.0	1.0
scaffold_1581	1.0	1.0	1.0
scaffold_503	0.9862616099071208	1.0	1.0
scaffold_349	0.9165056879158617	1.0	1.0
scaffold_18	0.6710409366780045	0.99574702734289	0.9903976889983593
scaffold_231	0.3859359524595576	1.0	1.0
scaffold_172	0.8080841275057509	1.0	1.0
scaffold_161	0.8054347826086956	1.0	1.0
scaffold_70	0.9397436343830363	0.9992753776498964	1.0
scaffold_117	0.6281046906599125	1.0	1.0
scaffold_613	1.0	1.0	1.0
scaffold_1506	1.0	1.0	1.0
scaffold_1471	1.0	1.0	1.0
scaffold_781	1.0	1.0	1.0
scaffold_151	0.6993082244427363	1.0	1.0
scaffold_361	0.7380989787902592	1.0	1.0
scaffold_1215	1.0	1.0	1.0
scaffold_468	0.9030786773090079	1.0	1.0
scaffold_634	1.0	1.0	1.0
scaffold_605	0.9538855678906917	1.0	1.0
scaffold_476	0.9684542586750788	1.0	1.0
scaffold_244	1.0	1.0	1.0
scaffold_395	0.9034668260609683	1.0	1.0
scaffold_925	1.0	1.0	1.0
scaffold_420	0.7699680511182109	1.0	1.0
scaffold_1518	1.0	1.0	1.0
scaffold_978	1.0	1.0	1.0
scaffold_1348	1.0	1.0	1.0
scaffold_611	1.0	1.0	1.0
scaffold_552	1.0	1.0	1.0
scaffold_430	1.0	1.0	1.0
scaffold_695	1.0	1.0	1.0
scaffold_768	1.0	1.0	1.0
scaffold_346	0.7422921208346309	1.0	1.0
scaffold_936	0.8423307626392459	1.0	1.0
scaffold_1153	1.0	1.0	1.0
scaffold_747	1.0	1.0	1.0
scaffold_932	1.0	1.0	1.0
scaffold_1031	1.0	1.0	1.0
scaffold_1221	1.0	1.0	1.0
scaffold_1206	1.0	1.0	1.0
scaffold_1104	0.902046783625731	1.0	1.0
scaffold_490	1.0	1.0	1.0
scaffold_1019	1.0	1.0	1.0
scaffold_1225	1.0	1.0	1.0
scaffold_1119	1.0	1.0	1.0
scaffold_1194	1.0	1.0	1.0
scaffold_919	1.0	1.0	1.0
scaffold_651	1.0	1.0	1.0
scaffold_239	1.0	1.0	1.0
scaffold_710	1.0	1.0	1.0
scaffold_867	1.0	1.0	1.0
scaffold_1523	1.0	1.0	1.0
scaffold_1002	1.0	1.0	1.0
scaffold_1018	1.0	1.0	1.0
scaffold_49	0.976014608964379	1.0	1.0
scaffold_38	0.9997861492228213	1.0	1.0
scaffold_135	0.9984197071810365	1.0	1.0
scaffold_103	1.0	1.0	1.0
scaffold_444	0.8058076225045372	1.0	1.0
scaffold_792	1.0	1.0	1.0
scaffold_168	0.9976126948462295	1.0	1.0
scaffold_45	0.9987637792725191	1.0	1.0
scaffold_47	0.9814760466119983	0.9766734715497668	1.0
scaffold_40	0.7133853097312395	1.0	1.0
scaffold_157	0.8905568458618932	1.0	1.0
scaffold_859	1.0	1.0	1.0
scaffold_181	0.5985919459307237	1.0	1.0
scaffold_336	0.8472584856396866	1.0	1.0
scaffold_1274	1.0	1.0	1.0
scaffold_915	1.0	1.0	1.0
scaffold_524	1.0	1.0	1.0
scaffold_290	0.5375446960667462	1.0	1.0
scaffold_230	0.3529978507374194	1.0	1.0
scaffold_505	0.9016963897346673	1.0	1.0
scaffold_112	0.7575	1.0	1.0
scaffold_1533	1.0	1.0	1.0
scaffold_421	1.0	1.0	1.0
scaffold_374	0.9336803983703033	1.0	1.0
scaffold_762	1.0	1.0	1.0
scaffold_27	0.7099052625660632	1.0	1.0
scaffold_102	1.0	1.0	1.0
scaffold_190	0.495992456388496	1.0	1.0
scaffold_215	0.77527951836835	1.0	1.0
scaffold_283	1.0	1.0	1.0
scaffold_508	0.7797356828193832	1.0	1.0
scaffold_359	0.38590642602598	1.0	1.0
scaffold_179	0.4670236501561803	1.0	1.0
scaffold_309	0.6098525163448381	1.0	1.0
scaffold_498	0.8503118503118503	1.0	1.0
scaffold_369	0.7558802565930149	1.0	1.0
scaffold_217	0.7594635885248684	0.7680247196154727	0.6623454030695872
scaffold_30	0.9860098707403055	1.0	1.0
scaffold_652	1.0	1.0	1.0
scaffold_1022	1.0	1.0	1.0
scaffold_796	0.6360544217687075	1.0	1.0
scaffold_299	0.6799536293918317	1.0	1.0
scaffold_131	0.4853782581055308	1.0	1.0
scaffold_7	0.7491069343870328	1.0	1.0
scaffold_125	0.9612371020250511	0.9324751097312921	0.8011538130363652
scaffold_105	1.0	0.7560062903910832	0.6702297262416301
scaffold_50	1.0	0.9890417756170448	1.0
scaffold_56	0.6600568807528294	1.0	1.0
scaffold_322	0.692374624268312	1.0	1.0
scaffold_298	1.0	1.0	1.0
scaffold_840	1.0	1.0	1.0
scaffold_461	0.40418118466898956	1.0	1.0
scaffold_418	0.5992063492063492	1.0	1.0
scaffold_1209	1.0	1.0	1.0
scaffold_551	1.0	1.0	1.0
scaffold_65	0.8922270426608822	1.0	1.0
scaffold_307	0.5418258212375859	0.07642986071823056	0.5593937257666549
scaffold_1574	1.0	1.0	1.0
scaffold_800	1.0	1.0	1.0
scaffold_1165	1.0	1.0	1.0
scaffold_1442	0.893305439330544	1.0	1.0
scaffold_1195	1.0	1.0	1.0
scaffold_1443	1.0	1.0	1.0
scaffold_534	0.9053639846743295	1.0	0.9773299748110831
scaffold_547	1.0	1.0	1.0
scaffold_514	1.0	1.0	1.0
scaffold_13	0.9493798093816636	0.9392071073186087	0.6591758222548004
scaffold_41	0.9334112010863501	0.41824198759032544	0.8638148624795894
scaffold_188	0.9677966101694915	0.876663254861822	0.5796847635726795
scaffold_1116	1.0	1.0	1.0
scaffold_428	1.0	1.0	1.0
scaffold_26	0.9869517026247032	1.0	1.0
scaffold_127	0.8043639970245475	1.0	1.0
scaffold_163	0.9047760749888409	1.0	1.0
scaffold_175	1.0	1.0	1.0
scaffold_248	1.0	1.0	1.0
scaffold_238	0.6729185354317867	1.0	1.0
scaffold_245	0.5667736601497909	1.0	1.0
scaffold_717	0.6244477172312224	1.0	1.0
scaffold_269	1.0	1.0	1.0
scaffold_469	1.0	1.0	1.0
scaffold_196	0.453781512605042	1.0	1.0
scaffold_983	1.0	1.0	1.0
scaffold_624	1.0	1.0	1.0
scaffold_1418	1.0	1.0	1.0
scaffold_126	0.4807824002739257	1.0	1.0
scaffold_1176	1.0	0.06348470806302131	0.5875912408759124
scaffold_312	0.22869471413160733	1.0	1.0
scaffold_266	0.9169281729428173	1.0	1.0
scaffold_1112	0.6265912305516266	1.0	1.0
scaffold_171	0.9978535189280604	1.0	1.0
scaffold_370	0.8245716510903427	1.0	1.0
scaffold_523	0.9440866510538641	1.0	1.0
scaffold_522	1.0	1.0	1.0
scaffold_194	0.40241364960466086	1.0	1.0
scaffold_319	0.7326388888888888	1.0	1.0
scaffold_219	0.36566589684372597	1.0	1.0
scaffold_544	1.0	1.0	1.0
scaffold_956	0.45854483925549916	1.0	1.0
scaffold_209	0.9963764137476666	1.0	1.0
scaffold_1060	1.0	1.0	1.0
scaffold_573	1.0	1.0	1.0
scaffold_540	0.5862995298858295	0.5553435114503816	0.9301260022909508
scaffold_1299	1.0	1.0	1.0
scaffold_183	0.5948931286759432	1.0	1.0
scaffold_177	1.0	1.0	1.0
scaffold_758	1.0	1.0	1.0
scaffold_193	0.9919319668556477	1.0	1.0
scaffold_489	1.0	1.0	1.0
scaffold_526	1.0	1.0	1.0
scaffold_1161	1.0	1.0	1.0
scaffold_886	1.0	1.0	1.0
scaffold_425	1.0	1.0	1.0
scaffold_1	0.3643634538782423	1.0	1.0
scaffold_21	1.0	1.0	1.0
scaffold_74	1.0	1.0	1.0
scaffold_29	1.0	1.0	1.0
scaffold_68	0.9997082037114605	1.0	1.0
scaffold_14	0.9998676852073276	1.0	1.0
scaffold_1537	1.0	1.0	1.0
scaffold_205	1.0	1.0	1.0
scaffold_1501	1.0	1.0	1.0
scaffold_687	1.0	1.0	1.0
scaffold_990	1.0	1.0	1.0
scaffold_343	1.0	1.0	1.0
scaffold_234	1.0	1.0	1.0
scaffold_57	0.9581995378428666	1.0	1.0
scaffold_119	0.6568413391557496	1.0	1.0
scaffold_124	1.0	1.0	1.0
scaffold_139	1.0	1.0	1.0
scaffold_583	0.7112790070156503	1.0	1.0
scaffold_561	1.0	1.0	1.0
scaffold_173	0.40728015600334294	1.0	1.0
scaffold_243	0.629278951201748	1.0	1.0
scaffold_1409	1.0	1.0	1.0
scaffold_1280	1.0	1.0	1.0
scaffold_191	0.5852330724736304	1.0	1.0
scaffold_155	1.0	1.0	1.0
scaffold_434	0.5089285714285714	1.0	1.0
scaffold_1080	1.0	1.0	1.0
scaffold_799	1.0	1.0	1.0
scaffold_412	1.0	1.0	1.0
scaffold_419	0.7466307277628033	1.0	1.0
scaffold_253	0.49000825763831546	1.0	1.0
scaffold_1558	1.0	1.0	1.0
scaffold_1223	1.0	1.0	1.0
scaffold_1187	1.0	1.0	1.0
scaffold_750	1.0	1.0	1.0
scaffold_1205	1.0	1.0	1.0
scaffold_1034	1.0	1.0	1.0
scaffold_560	1.0	1.0	1.0
scaffold_920	1.0	1.0	1.0
scaffold_807	1.0	1.0	1.0
scaffold_1046	1.0	1.0	1.0
scaffold_1202	1.0	1.0	1.0
scaffold_759	1.0	1.0	1.0
scaffold_273	0.623721881390593	1.0	1.0
scaffold_345	0.8170701272772648	1.0	1.0
scaffold_216	0.9825302757021386	1.0	1.0
scaffold_401	1.0	1.0	1.0
scaffold_320	1.0	1.0	1.0
scaffold_249	1.0	1.0	1.0
scaffold_545	1.0	1.0	1.0
scaffold_835	1.0	1.0	1.0
scaffold_1037	1.0	1.0	1.0
scaffold_883	1.0	1.0	1.0
scaffold_1319	1.0	1.0	1.0
scaffold_953	1.0	1.0	1.0
scaffold_1567	1.0	1.0	1.0
scaffold_114	0.5444141689373297	1.0	1.0
scaffold_225	0.5966795794133923	1.0	1.0
scaffold_1553	1.0	1.0	1.0
scaffold_1572	1.0	1.0	1.0
scaffold_201	0.7283565143343741	1.0	1.0
scaffold_448	0.5844113842173351	1.0	1.0
scaffold_1129	1.0	1.0	1.0
scaffold_24	0.9972038473803349	0.9799157173288876	0.9513223662550468
scaffold_46	1.0	1.0	1.0
scaffold_69	0.6814506989044201	1.0	1.0
scaffold_397	1.0	1.0	1.0
scaffold_608	0.5724770642201835	1.0	1.0
scaffold_1070	1.0	1.0	1.0
scaffold_776	0.6164383561643836	1.0	1.0
scaffold_1094	1.0	1.0	1.0
scaffold_940	1.0	1.0	1.0
scaffold_315	0.639181462533855	1.0	1.0
scaffold_334	1.0	1.0	1.0
scaffold_360	1.0	1.0	1.0
scaffold_379	0.4405833074775054	1.0	1.0
scaffold_738	1.0	1.0	1.0
scaffold_709	1.0	1.0	1.0
scaffold_417	1.0	1.0	1.0
scaffold_263	1.0	1.0	1.0
scaffold_926	1.0	1.0	1.0
scaffold_306	0.5283083219645294	1.0	1.0
scaffold_133	0.8778339585711956	1.0	1.0
scaffold_186	1.0	1.0	1.0
scaffold_6	0.9998304726986253	0.989995071179897	0.9905289649933258
scaffold_311	1.0	1.0	1.0
scaffold_106	1.0	1.0	1.0
scaffold_59	1.0	1.0	1.0
scaffold_1160	1.0	1.0	1.0
scaffold_590	0.6151202749140894	1.0	1.0
scaffold_331	0.810687718232883	1.0	1.0
scaffold_261	0.5581503043133104	1.0	1.0
scaffold_1126	1.0	1.0	1.0
scaffold_830	1.0	1.0	1.0
scaffold_1402	1.0	1.0	1.0
scaffold_267	1.0	1.0	1.0
scaffold_1384	1.0	1.0	1.0
scaffold_873	1.0	1.0	1.0
scaffold_111	0.9982675947409126	1.0	1.0
scaffold_291	1.0	1.0	1.0
scaffold_294	0.7694665849172287	1.0	1.0
scaffold_280	0.7978339350180506	1.0	1.0
scaffold_1542	1.0	1.0	1.0
scaffold_910	0.533278553820871	1.0	1.0
scaffold_432	0.8314332247557004	1.0	1.0
scaffold_453	0.8416965352449224	1.0	1.0
scaffold_778	1.0	1.0	1.0
scaffold_301	1.0	1.0	1.0
scaffold_650	1.0	1.0	1.0
scaffold_472	1.0	1.0	1.0
scaffold_380	1.0	1.0	1.0
scaffold_324	0.9776309100152516	1.0	1.0
scaffold_521	0.6797078768909754	1.0	1.0
scaffold_531	1.0	1.0	1.0
scaffold_542	1.0	1.0	1.0
scaffold_278	1.0	1.0	1.0
scaffold_1432	1.0	1.0	1.0
scaffold_1371	1.0	1.0	1.0
scaffold_1575	0.6939890710382514	1.0	0.6011904761904762
scaffold_1268	1.0	1.0	1.0
scaffold_1270	1.0	1.0	1.0
scaffold_1586	1.0	1.0	1.0
scaffold_1230	1.0	1.0	1.0
scaffold_1373	1.0	1.0	1.0
scaffold_706	1.0	1.0	1.0
scaffold_644	1.0	1.0	1.0
scaffold_376	0.8864481842338352	1.0	1.0
scaffold_247	0.4317910192931535	1.0	1.0
scaffold_1592	1.0	1.0	1.0
scaffold_354	0.7160751565762005	1.0	1.0
scaffold_132	0.3099464049558015	0.08003522772206047	0.6984055692791377
scaffold_822	0.5712025316455697	1.0	1.0
scaffold_400	0.6595744680851063	1.0	1.0
scaffold_154	0.5678328415728308	0.36543305560937805	0.9812552653748947
scaffold_625	1.0	1.0	1.0
scaffold_499	0.5464512406231967	1.0	1.0
scaffold_372	0.6387377584330794	1.0	1.0
scaffold_771	0.9038461538461539	1.0	1.0
scaffold_546	1.0	1.0	1.0
scaffold_1417	1.0	1.0	1.0
scaffold_1149	1.0	1.0	1.0
scaffold_1028	1.0	1.0	1.0
scaffold_279	0.773851590106007	1.0	1.0
scaffold_1226	1.0	1.0	1.0
scaffold_1394	1.0	1.0	1.0
scaffold_220	0.3371632835439806	1.0	1.0
scaffold_84	0.4588761911852293	1.0	1.0
scaffold_535	0.46029173419773095	1.0	1.0
scaffold_348	1.0	1.0	1.0
scaffold_504	0.3532271131514988	1.0	1.0
scaffold_226	0.5412160187079801	1.0	1.0
scaffold_570	1.0	1.0	1.0
scaffold_271	1.0	1.0	1.0
scaffold_358	1.0	1.0	1.0
scaffold_586	1.0	1.0	1.0
scaffold_1236	1.0	1.0	1.0
scaffold_1038	1.0	1.0	1.0
scaffold_843	1.0	1.0	1.0
scaffold_606	1.0	1.0	1.0
scaffold_160	0.7455021262675826	1.0	1.0
scaffold_437	1.0	0.2623674911660777	0.5058922558922558
scaffold_208	0.4806761035574595	1.0	1.0
scaffold_390	0.7138084632516704	1.0	1.0
scaffold_1023	1.0	1.0	1.0
scaffold_676	1.0	1.0	1.0
scaffold_456	0.8942795076031861	1.0	1.0
scaffold_1211	1.0	1.0	1.0
scaffold_189	0.649156375021743	1.0	1.0
scaffold_277	1.0	1.0	1.0
scaffold_643	1.0	1.0	1.0
scaffold_214	1.0	1.0	1.0
scaffold_88	1.0	1.0	1.0
scaffold_908	1.0	1.0	1.0
scaffold_1568	1.0	1.0	1.0
scaffold_509	0.8400979706088173	1.0	1.0
scaffold_332	0.5656765676567657	1.0	1.0
scaffold_356	1.0	1.0	1.0
scaffold_589	1.0	1.0	1.0
scaffold_1367	1.0	1.0	1.0
scaffold_981	1.0	1.0	1.0
scaffold_1109	1.0	1.0	1.0
scaffold_554	1.0	1.0	1.0
scaffold_381	1.0	1.0	1.0
scaffold_451	1.0	1.0	1.0
scaffold_555	1.0	1.0	1.0
scaffold_479	1.0	1.0	1.0
scaffold_1481	1.0	1.0	1.0
scaffold_518	1.0	1.0	1.0
scaffold_480	1.0	1.0	1.0
scaffold_1344	1.0	1.0	1.0
scaffold_714	1.0	1.0	1.0
scaffold_618	1.0	1.0	1.0
scaffold_1513	1.0	1.0	1.0
scaffold_478	1.0	1.0	1.0
scaffold_746	1.0	1.0	1.0
scaffold_934	1.0	1.0	1.0
scaffold_1068	1.0	1.0	1.0
scaffold_450	1.0	1.0	1.0
scaffold_525	1.0	1.0	1.0
scaffold_502	1.0	1.0	1.0
scaffold_784	1.0	1.0	1.0
scaffold_1427	1.0	1.0	1.0
scaffold_653	1.0	1.0	1.0
scaffold_1103	1.0	1.0	1.0
scaffold_1351	1.0	1.0	1.0
scaffold_731	1.0	1.0	1.0
scaffold_1162	1.0	1.0	1.0
scaffold_1054	1.0	1.0	1.0
scaffold_1439	1.0	1.0	1.0
scaffold_974	1.0	1.0	1.0
scaffold_812	0.8889830508474577	1.0	1.0
scaffold_1554	1.0	1.0	1.0
scaffold_487	0.9756398396546407	1.0	1.0
scaffold_752	1.0	1.0	1.0
scaffold_574	1.0	1.0	1.0
scaffold_657	1.0	1.0	1.0
scaffold_851	0.7896825396825397	1.0	1.0
scaffold_1088	1.0	1.0	1.0
scaffold_1073	1.0	1.0	1.0
scaffold_1063	1.0	1.0	1.0
scaffold_1375	1.0	1.0	1.0
scaffold_901	1.0	1.0	1.0
scaffold_753	1.0	1.0	1.0
scaffold_1264	1.0	1.0	1.0
scaffold_838	1.0	1.0	1.0
scaffold_772	1.0	1.0	1.0
scaffold_1525	1.0	1.0	1.0
scaffold_460	0.5655940594059405	1.0	1.0
scaffold_823	1.0	1.0	1.0
scaffold_992	1.0	1.0	1.0
scaffold_1347	1.0	1.0	1.0
scaffold_1383	1.0	1.0	1.0
scaffold_839	1.0	1.0	1.0
scaffold_1158	1.0	1.0	1.0
scaffold_494	1.0	1.0	1.0
scaffold_1291	1.0	1.0	1.0
scaffold_501	1.0	1.0	1.0
scaffold_1252	1.0	1.0	1.0
scaffold_607	1.0	1.0	1.0
scaffold_729	1.0	1.0	1.0
scaffold_952	1.0	1.0	1.0
scaffold_749	1.0	1.0	1.0
scaffold_732	1.0	1.0	1.0
scaffold_457	1.0	0.0763121546961326	0.6556561085972851
scaffold_1521	1.0	1.0	1.0
scaffold_931	1.0	1.0	1.0
scaffold_255	0.9658959537572255	1.0	1.0
scaffold_911	1.0	1.0	1.0
scaffold_923	1.0	1.0	1.0
scaffold_1182	1.0	1.0	1.0
scaffold_829	1.0	1.0	1.0
scaffold_745	1.0	1.0	1.0
scaffold_1177	1.0	1.0	1.0
scaffold_1330	1.0	1.0	1.0
scaffold_656	1.0	1.0	1.0
scaffold_1044	1.0	1.0	1.0
scaffold_719	1.0	1.0	1.0
scaffold_1339	1.0	1.0	1.0
scaffold_1497	1.0	1.0	1.0
scaffold_1388	1.0	1.0	1.0
scaffold_1098	1.0	1.0	1.0
scaffold_912	1.0	1.0	1.0
scaffold_463	1.0	1.0	1.0
scaffold_976	1.0	1.0	1.0
scaffold_645	1.0	1.0	1.0
scaffold_728	1.0	1.0	1.0
scaffold_1590	1.0	1.0	1.0
scaffold_235	1.0	1.0	1.0
scaffold_281	0.5567455964900961	1.0	1.0
scaffold_144	0.9925841611479028	1.0	1.0
scaffold_344	0.965721819380356	1.0	1.0
scaffold_1543	1.0	1.0	1.0
scaffold_984	1.0	1.0	1.0
scaffold_960	1.0	1.0	1.0
scaffold_22	0.9863286469912744	0.9950681846801135	1.0
scaffold_28	0.6129570110285842	1.0	1.0
scaffold_609	1.0	1.0	1.0
scaffold_152	0.6275912464905196	1.0	1.0
scaffold_1566	1.0	1.0	1.0
scaffold_1406	1.0	1.0	1.0
scaffold_62	0.985758526630981	1.0	1.0
scaffold_385	1.0	1.0	1.0
scaffold_782	1.0	1.0	1.0
scaffold_863	1.0	1.0	1.0
scaffold_1000	1.0	1.0	1.0
scaffold_1510	1.0	1.0	1.0
scaffold_446	0.7886453063518831	1.0	1.0
scaffold_1020	1.0	1.0	1.0
scaffold_1326	1.0	1.0	1.0
scaffold_783	1.0	1.0	1.0
scaffold_1484	1.0	1.0	1.0
scaffold_665	1.0	1.0	1.0
scaffold_258	0.503452243958573	1.0	1.0
scaffold_1357	1.0	1.0	1.0
scaffold_1260	1.0	1.0	1.0
scaffold_1212	1.0	1.0	1.0
scaffold_120	0.39266517185244343	1.0	1.0
scaffold_91	0.9958474656861191	0.835132117603275	0.6285968933027757
scaffold_89	0.8396174672663269	0.659295569511221	0.7861893676659224
scaffold_627	1.0	1.0	1.0
scaffold_1102	1.0	1.0	1.0
scaffold_362	0.47101274957902334	1.0	1.0
scaffold_224	0.5386138613861386	1.0	1.0
scaffold_440	0.5824175824175825	1.0	1.0
scaffold_870	1.0	1.0	1.0
scaffold_581	1.0	1.0	1.0
scaffold_1578	1.0	1.0	1.0
scaffold_1127	1.0	1.0	1.0
scaffold_467	1.0	1.0	1.0
scaffold_485	0.6448184233835252	1.0	1.0
scaffold_330	0.6412132024977698	1.0	1.0
scaffold_998	1.0	1.0	1.0
scaffold_138	0.3652760736196319	1.0	1.0
scaffold_1140	1.0	1.0	1.0
scaffold_141	0.6160309415844225	1.0	1.0
scaffold_404	0.5634848138844485	1.0	1.0
scaffold_241	0.8252363873492011	1.0	1.0
scaffold_1210	1.0	1.0	1.0
scaffold_251	0.30484877580412867	1.0	1.0
scaffold_180	0.6094495704740693	1.0	1.0
scaffold_130	0.9688284100180102	1.0	1.0
scaffold_464	1.0	1.0	1.0
scaffold_895	1.0	1.0	1.0
scaffold_890	1.0	1.0	1.0
scaffold_853	1.0	1.0	1.0
scaffold_787	1.0	1.0	1.0
scaffold_568	1.0	1.0	1.0
scaffold_944	1.0	1.0	1.0
scaffold_700	1.0	1.0	1.0
scaffold_1032	1.0	1.0	1.0
scaffold_821	1.0	1.0	1.0
scaffold_1208	1.0	1.0	1.0
scaffold_975	1.0	1.0	1.0
scaffold_1058	1.0	1.0	1.0
scaffold_1488	1.0	1.0	1.0
scaffold_795	1.0	1.0	1.0
scaffold_1101	1.0	1.0	1.0
scaffold_955	1.0	1.0	1.0
scaffold_989	1.0	1.0	1.0
scaffold_1166	1.0	1.0	1.0
scaffold_1310	1.0	1.0	1.0
scaffold_1308	1.0	1.0	1.0
scaffold_684	1.0	1.0	1.0
scaffold_987	0.616710875331565	1.0	1.0
scaffold_1027	1.0	1.0	1.0
scaffold_980	1.0	1.0	1.0
scaffold_1016	1.0	1.0	1.0
scaffold_1118	1.0	1.0	1.0
scaffold_1448	1.0	1.0	1.0
scaffold_1425	1.0	1.0	1.0
scaffold_1011	1.0	1.0	1.0
scaffold_1423	1.0	1.0	1.0
scaffold_1227	1.0	1.0	1.0
scaffold_858	1.0	1.0	1.0
scaffold_530	1.0	1.0	1.0
scaffold_287	0.4422924901185771	1.0	1.0
scaffold_564	1.0	1.0	1.0
scaffold_820	1.0	1.0	1.0
scaffold_850	1.0	1.0	1.0
scaffold_403	1.0	1.0	1.0
scaffold_1353	1.0	1.0	1.0
scaffold_538	1.0	1.0	1.0
scaffold_202	0.9912235415591121	1.0	1.0
scaffold_512	0.6896103896103896	1.0	1.0
scaffold_1173	1.0	1.0	1.0
scaffold_454	1.0	1.0	1.0
scaffold_328	0.8140803173029252	1.0	1.0
scaffold_184	0.6727295613317389	1.0	1.0
scaffold_852	0.6147540983606558	1.0	1.0
scaffold_415	0.5328415876361082	1.0	1.0
scaffold_228	0.5799487742407611	1.0	1.0
scaffold_477	0.5885416666666666	1.0	1.0
scaffold_143	0.4620371524747538	1.0	1.0
scaffold_1560	1.0	1.0	1.0
scaffold_516	0.5724696356275304	1.0	1.0
scaffold_147	0.496875	1.0	1.0
scaffold_1500	1.0	1.0	1.0
scaffold_636	0.8531468531468531	1.0	1.0
scaffold_15	0.919900294710404	1.0	1.0
scaffold_447	0.9731947483588621	1.0	1.0
scaffold_134	0.36945317410433687	1.0	1.0
scaffold_198	0.3690102120974077	1.0	1.0
scaffold_1403	1.0	1.0	1.0
scaffold_1445	1.0	1.0	1.0
scaffold_227	1.0	1.0	1.0
scaffold_1434	1.0	1.0	1.0
scaffold_37	1.0	1.0	1.0
scaffold_92	1.0	1.0	1.0
scaffold_36	1.0	1.0	1.0
scaffold_5	1.0	1.0	1.0
scaffold_556	1.0	1.0	1.0
scaffold_115	0.6742613552844333	1.0	1.0
scaffold_484	0.4171340166312125	1.0	1.0
scaffold_282	0.5109623817216709	1.0	1.0
scaffold_150	0.647447030218826	1.0	1.0
scaffold_438	1.0	1.0	1.0
scaffold_735	1.0	1.0	1.0
scaffold_481	0.969217238346526	1.0	1.0
scaffold_408	0.7554863180709834	1.0	1.0
scaffold_1491	1.0	1.0	1.0
scaffold_774	1.0	1.0	1.0
scaffold_1001	1.0	1.0	1.0
scaffold_1026	1.0	1.0	1.0
scaffold_760	1.0	1.0	1.0
scaffold_162	0.5385368819238043	1.0	1.0
scaffold_628	0.9243066884176183	1.0	1.0
scaffold_1531	1.0	1.0	1.0
scaffold_979	1.0	1.0	1.0
scaffold_1282	1.0	1.0	1.0
scaffold_575	1.0	1.0	1.0
scaffold_1130	1.0	1.0	1.0
scaffold_798	1.0	1.0	1.0
scaffold_629	1.0	1.0	1.0
scaffold_262	0.5860571704257629	1.0	1.0
scaffold_529	1.0	1.0	1.0
scaffold_373	1.0	1.0	1.0
scaffold_1456	1.0	1.0	1.0
scaffold_1069	1.0	1.0	1.0
scaffold_1552	1.0	1.0	1.0
scaffold_968	1.0	1.0	1.0
scaffold_893	1.0	1.0	1.0
scaffold_192	0.3994700582935877	1.0	1.0
scaffold_1087	1.0	1.0	1.0
scaffold_204	0.9751009421265141	1.0	1.0
scaffold_146	0.5971157807993408	1.0	1.0
scaffold_405	1.0	1.0	1.0
scaffold_595	1.0	1.0	1.0
scaffold_471	1.0	1.0	1.0
scaffold_510	1.0	1.0	1.0
scaffold_409	0.5788990825688073	1.0	1.0
scaffold_630	1.0	1.0	1.0
scaffold_995	1.0	1.0	1.0
scaffold_1571	1.0	1.0	1.0
scaffold_680	1.0	1.0	1.0
scaffold_1184	1.0	1.0	1.0
scaffold_274	1.0	1.0	1.0
scaffold_569	1.0	1.0	1.0
scaffold_486	0.5552608311229	1.0	1.0
scaffold_1081	1.0	1.0	1.0
scaffold_1189	1.0	1.0	1.0
scaffold_1164	1.0	1.0	1.0
scaffold_1498	1.0	1.0	1.0
scaffold_871	0.920253164556962	1.0	1.0
scaffold_790	1.0	1.0	1.0
scaffold_473	0.672400513478819	1.0	1.0
scaffold_814	1.0	1.0	1.0
scaffold_619	1.0	1.0	1.0
scaffold_941	1.0	1.0	1.0
scaffold_763	1.0	1.0	1.0
scaffold_592	1.0	1.0	1.0
scaffold_602	1.0	1.0	1.0
scaffold_579	0.47312989467998917	1.0	1.0
scaffold_917	1.0	1.0	1.0
scaffold_335	1.0	1.0	1.0
scaffold_737	1.0	1.0	1.0
scaffold_9	0.5319727066762984	0.995131359429294	0.947862996876585
scaffold_222	1.0	1.0	1.0
scaffold_1355	0.7431192660550459	1.0	1.0
scaffold_1492	1.0	1.0	1.0
scaffold_427	1.0	1.0	1.0
scaffold_350	0.8666249217282405	1.0	1.0
scaffold_337	0.5277638819409705	1.0	1.0
scaffold_237	0.6636638854020527	1.0	1.0
scaffold_100	0.9053442028985508	1.0	1.0
scaffold_424	0.8552338530066815	1.0	1.0
scaffold_533	1.0	1.0	1.0
scaffold_165	0.9193706981317601	1.0	1.0
scaffold_1503	1.0	1.0	1.0
scaffold_1010	1.0	1.0	1.0
scaffold_620	0.983632862644416	1.0	1.0
scaffold_357	1.0	1.0	1.0
scaffold_43	0.8768616361561741	1.0	1.0
scaffold_76	1.0	1.0	1.0
scaffold_313	1.0	1.0	1.0
scaffold_110	1.0	1.0	1.0
scaffold_16	1.0	1.0	1.0
scaffold_23	1.0	1.0	1.0
scaffold_42	0.9760627790171971	0.9999515258452075	1.0
scaffold_259	0.7997399219765929	1.0	1.0
scaffold_601	1.0	1.0	1.0
scaffold_436	0.5779114270092947	1.0	1.0
scaffold_270	1.0	1.0	1.0
scaffold_442	1.0	1.0	1.0
scaffold_470	1.0	1.0	1.0
scaffold_353	1.0	1.0	1.0
scaffold_1346	1.0	1.0	1.0
