query	grouping_confidence	location_confidence	orientation_confidence
scaffold_60	0.4863146333709067	1.0	1.0
scaffold_27	0.99768321447014	0.08121130698602742	0.9831253309885191
scaffold_2	1.0	0.9913677827567643	0.9994886716456498
scaffold_52	1.0	1.0	1.0
scaffold_21	0.9963728772447406	0.29788805703017585	1.0
scaffold_17	0.9945229530608013	1.0	1.0
scaffold_44	1.0	1.0	1.0
scaffold_73	1.0	1.0	1.0
scaffold_30	1.0	0.9699242351587225	0.9987541281863666
scaffold_50	0.9993399831802166	1.0	1.0
scaffold_92	0.5422794117647058	1.0	1.0
scaffold_157	1.0	1.0	1.0
scaffold_183	1.0	1.0	1.0
scaffold_133	0.9749668435013262	1.0	1.0
scaffold_40	0.6001349806126572	0.025168835476903885	0.9685975631594405
scaffold_3	0.9985493754477325	0.4934387948912068	0.9983446301057874
scaffold_33	0.9806456108984387	0.15483190710669875	0.9973853101972903
scaffold_20	1.0	1.0	1.0
scaffold_14	1.0	1.0	1.0
scaffold_36	0.9996103695443339	0.985819009351305	1.0
scaffold_77	1.0	1.0	1.0
scaffold_201	1.0	1.0	1.0
scaffold_145	1.0	1.0	1.0
scaffold_59	0.7829183372019414	1.0	1.0
scaffold_39	1.0	1.0	1.0
scaffold_57	1.0	1.0	1.0
scaffold_1	0.9976375880200762	0.9811196170958429	1.0
scaffold_45	1.0	0.7194163651510065	1.0
scaffold_66	0.9589210508723846	0.5377607827700613	0.5157028826379448
scaffold_5	0.9935245672246076	0.9774412045927509	0.9991582367031815
scaffold_7	0.9936367694293228	0.9580737895689722	1.0
scaffold_11	0.995759579002305	0.9669391288859837	1.0
scaffold_82	0.6689697844694236	1.0	1.0
scaffold_103	1.0	1.0	1.0
scaffold_158	1.0	1.0	1.0
scaffold_186	1.0	1.0	1.0
scaffold_163	1.0	1.0	1.0
scaffold_208	1.0	1.0	1.0
scaffold_136	1.0	1.0	1.0
scaffold_229	1.0	1.0	1.0
scaffold_147	1.0	1.0	1.0
scaffold_213	1.0	1.0	1.0
scaffold_189	1.0	1.0	1.0
scaffold_227	1.0	1.0	1.0
scaffold_188	1.0	1.0	1.0
scaffold_195	1.0	1.0	1.0
scaffold_181	1.0	1.0	1.0
scaffold_175	1.0	1.0	1.0
scaffold_114	1.0	1.0	1.0
scaffold_15	0.9831649947047876	0.754441394630789	1.0
scaffold_192	1.0	1.0	1.0
scaffold_26	1.0	1.0	1.0
scaffold_58	1.0	1.0	1.0
scaffold_24	0.9953756398598184	0.300012441442074	1.0
scaffold_86	0.6534237417629644	1.0	1.0
scaffold_141	0.5703305149884704	1.0	1.0
scaffold_134	0.955627455511902	1.0	1.0
scaffold_49	0.9783895585193638	1.0	1.0
scaffold_35	0.9989319150668884	0.8213288694308525	1.0
scaffold_37	1.0	1.0	1.0
scaffold_22	1.0	0.9692601774309222	0.965006598131549
scaffold_4	1.0	1.0	1.0
scaffold_100	0.955991124260355	1.0	1.0
scaffold_32	0.9940031014003488	0.9641325106202385	1.0
scaffold_43	0.9495073103624788	0.7093772968192601	0.9674514593775008
scaffold_54	0.7615087950333929	1.0	1.0
scaffold_137	1.0	0.04463167148979816	1.0
scaffold_216	1.0	1.0	1.0
scaffold_203	1.0	1.0	1.0
scaffold_200	1.0	1.0	1.0
scaffold_187	1.0	1.0	1.0
scaffold_122	1.0	1.0	1.0
scaffold_80	0.9467529015681758	0.006209458528940575	0.8086749017405952
scaffold_106	1.0	0.015303775340169088	1.0
scaffold_51	0.7975744109614405	0.012732489870539472	0.7414683691236216
scaffold_109	1.0	0.002639750562700452	0.9565217391304348
scaffold_84	1.0	0.0036900674854660077	0.8044324648098233
scaffold_62	0.6587977378153397	0.005966678109873781	0.941499879430914
scaffold_83	1.0	0.03946285095812683	0.9944684559699767
scaffold_215	1.0	1.0	1.0
scaffold_169	1.0	1.0	1.0
scaffold_76	1.0	0.004237588221963222	0.7284230631490988
scaffold_108	0.982108626198083	0.010652421340882103	0.970722186076773
scaffold_72	0.7963263649279481	0.004267728586167382	0.5287370969797375
scaffold_65	0.5275837304955279	0.002578581974560076	0.7778740254918945
scaffold_148	0.9344532279314888	1.0	1.0
scaffold_243	1.0	1.0	1.0
scaffold_255	1.0	1.0	1.0
scaffold_104	0.5608761004938801	0.0024729719878169207	1.0
scaffold_150	1.0	1.0	1.0
scaffold_85	1.0	0.005887809204051459	0.8969863977485929
scaffold_143	1.0	1.0	1.0
scaffold_259	1.0	1.0	1.0
scaffold_79	0.6714075799162715	0.14368610605134655	1.0
scaffold_111	1.0	0.0035004740131754576	0.7607023840041015
scaffold_159	1.0	1.0	1.0
scaffold_88	0.9602588996763755	0.003688602030769843	0.7841736317066594
scaffold_71	0.6743318168893944	0.006615224604883892	0.8037210773204027
scaffold_97	1.0	1.0	1.0
scaffold_139	1.0	0.0005336262435049506	0.43576642335766425
scaffold_165	1.0	1.0	1.0
scaffold_101	1.0	0.0016805080013547107	0.7953110910730388
scaffold_67	1.0	0.0022172479790830988	0.727677624602333
scaffold_64	0.791178112786153	0.002361935336811229	0.3913196894848271
scaffold_131	1.0	0.0004694704612490307	1.0
scaffold_127	1.0	0.0024503316127704004	0.6016504126031508
scaffold_135	1.0	1.0	1.0
scaffold_105	1.0	1.0	1.0
scaffold_75	0.5995016611295682	0.0014357378992636324	0.8897201440842338
scaffold_112	1.0	0.019318137692695997	1.0
scaffold_93	0.7564885496183206	0.0018110980601121643	0.6230358944788814
scaffold_61	1.0	0.03685639779969422	1.0
scaffold_125	1.0	1.0	1.0
scaffold_47	1.0	0.9725464386928666	0.8847795163584637
scaffold_154	1.0	1.0	1.0
scaffold_118	1.0	1.0	1.0
scaffold_70	1.0	1.0	1.0
scaffold_68	0.5890456157716737	0.0038137648016372326	0.9831956308640246
scaffold_53	1.0	0.07205596025045702	0.9153046062407132
scaffold_99	1.0	1.0	1.0
scaffold_102	0.5255589377558518	1.0	1.0
scaffold_120	1.0	0.0010246635276572734	0.6096385542168675
scaffold_110	0.6186572669890975	1.0	1.0
scaffold_28	0.9986967321398906	0.9590708468807925	0.9732313121171977
scaffold_176	1.0	1.0	1.0
scaffold_89	0.47884866986480595	1.0	0.6101804123711341
scaffold_98	0.850477796514896	1.0	1.0
scaffold_9	0.9969760412566047	0.9913846758163428	1.0
scaffold_107	1.0	1.0	1.0
scaffold_10	0.9999570030182345	0.3717695062802211	0.9968034976477336
scaffold_56	0.7882991556091676	1.0	1.0
scaffold_23	0.9767543347980695	0.9554403137732245	0.9740468280685302
scaffold_29	1.0	1.0	1.0
scaffold_16	0.9999281691593127	1.0	1.0
scaffold_19	1.0	0.9575916583922547	1.0
scaffold_34	0.9976240128542614	1.0	1.0
scaffold_6	0.8689237587347356	0.9620499864404017	0.9633258600921618
scaffold_25	0.9827847074920547	0.9791153786975421	1.0
scaffold_18	0.8748649893831839	0.7624866568955505	0.9965591372976506
scaffold_94	0.7375342465753425	1.0	1.0
scaffold_146	1.0	1.0	1.0
scaffold_244	1.0	1.0	1.0
scaffold_155	1.0	1.0	1.0
scaffold_91	0.8046738751307988	0.25874831763122474	0.5604681404421327
scaffold_171	1.0	1.0	1.0
scaffold_211	1.0	1.0	1.0
scaffold_69	0.8658420752685902	1.0	1.0
scaffold_41	0.4280157994437951	1.0	1.0
scaffold_8	0.993095183706356	0.5682774254198053	0.9872632247292737
scaffold_115	0.7822204181043231	1.0	1.0
scaffold_12	0.9746869078025872	0.3630342476236801	0.999416726015499
scaffold_173	1.0	1.0	1.0
scaffold_81	0.690973806698914	1.0	1.0
scaffold_128	0.6162420382165605	1.0	1.0
scaffold_31	1.0	0.8843840915101825	1.0
scaffold_13	0.9945149960835838	0.694444993351946	1.0
scaffold_38	0.9866231616415811	0.8405045750035662	0.9906653994239218
scaffold_46	1.0	0.8563032652075402	0.9246034410970679
scaffold_63	0.9740186196117516	0.6699697734567324	0.8376976744186047
scaffold_55	0.9797551727304932	0.03483970720723873	0.8004124594905857
scaffold_48	0.9716861000306842	1.0	1.0
