query	grouping_confidence	location_confidence	orientation_confidence
scaffold_131	0.8977841315225161	1.0	1.0
scaffold_156	1.0	1.0	1.0
scaffold_46	0.9767778068687605	1.0	1.0
scaffold_127	1.0	1.0	1.0
scaffold_17	1.0	1.0	1.0
scaffold_27	0.9530275459351052	0.2979047235594299	0.6725701444273362
scaffold_97	1.0	1.0	1.0
scaffold_2	1.0	0.7268388500744474	0.8651456107204032
scaffold_8	0.9852833431589074	0.8257778446405095	0.9945113467294021
scaffold_23	1.0	0.4713465382960114	0.7310690781904368
scaffold_15	0.996061938181451	0.7061908277750201	0.7588708129260909
scaffold_48	0.8077865372953305	1.0	1.0
scaffold_19	1.0	0.9065323275161679	0.9256327039994982
scaffold_10	0.9958271213602409	1.0	1.0
scaffold_115	0.6627252252252253	1.0	1.0
scaffold_31	0.9969319726859645	0.9324533867856738	0.7138410058811601
scaffold_21	0.6041609772267824	0.9558324819025673	1.0
scaffold_4	0.9021400842114772	0.9901818628378805	0.5295897323574673
scaffold_34	0.9771697247979608	0.998834243414845	1.0
scaffold_3	0.9022813759292041	0.845308837885048	0.6697580588861349
scaffold_177	1.0	1.0	1.0
scaffold_42	1.0	1.0	1.0
scaffold_1	0.978695521328784	0.9393124739689145	0.7319803316795678
scaffold_35	0.7949681337381961	1.0	1.0
scaffold_25	1.0	0.4136260780866382	0.9008061968058153
scaffold_16	0.997887332421121	0.9378755436632413	0.9423074216527367
scaffold_195	1.0	1.0	1.0
scaffold_54	0.897654796232901	0.7591600394031859	0.9990030699117005
scaffold_37	0.8026485377675313	0.850657970679903	1.0
scaffold_174	1.0	1.0	1.0
scaffold_225	1.0	1.0	1.0
scaffold_182	1.0	1.0	1.0
scaffold_176	1.0	1.0	1.0
scaffold_11	0.8943902662672515	0.9634041833535613	0.9992211188892683
scaffold_32	1.0	1.0	1.0
scaffold_18	1.0	1.0	1.0
scaffold_26	0.9926459397301045	1.0	1.0
scaffold_63	0.637062339880444	1.0	1.0
scaffold_102	0.8030377266046056	1.0	1.0
scaffold_30	0.9847827281217382	0.8245684358551443	0.8068275396736849
scaffold_168	1.0	1.0	1.0
scaffold_20	0.9999429118749643	0.9543110128176153	1.0
scaffold_33	1.0	1.0	1.0
scaffold_152	1.0	1.0	1.0
scaffold_13	0.8719601819458874	0.7000503250106895	0.8755270406714551
scaffold_98	1.0	0.431090320259086	0.8837456366671725
scaffold_39	1.0	0.9700271133262925	1.0
scaffold_143	1.0	1.0	1.0
scaffold_128	1.0	1.0	1.0
scaffold_24	0.5149210198939963	0.9667136391648578	1.0
scaffold_113	0.9339779926642214	1.0	1.0
scaffold_12	0.9252461076744586	0.978295827458418	0.9813736142410621
scaffold_86	0.8891166222586596	0.0028109399866256797	1.0
scaffold_5	0.8288220764661078	0.9952309020284851	0.9987506744062356
scaffold_75	0.9482137341706991	0.010717502461185418	1.0
scaffold_55	1.0	0.09981492905613819	0.8379480840543881
scaffold_52	1.0	0.03826761729525764	0.9813644977890082
scaffold_210	1.0	1.0	1.0
scaffold_70	1.0	0.0019406931071400293	0.4936437546193644
scaffold_68	0.9987679766030697	0.0232632546404081	0.9553964630744045
scaffold_103	1.0	0.007177965258075755	0.9975730259166161
scaffold_87	0.7223624986277308	0.0014543673457840145	0.6630699088145897
scaffold_158	1.0	0.0057931326940043595	0.6312034739454094
scaffold_228	1.0	1.0	1.0
scaffold_230	1.0	1.0	1.0
scaffold_181	1.0	1.0	1.0
scaffold_148	1.0	1.0	1.0
scaffold_136	1.0	0.0007582312469961107	0.7040265670402657
scaffold_62	1.0	0.0006655115333970954	0.9640261627906976
scaffold_83	0.7891832229580574	0.003731978685965085	0.5589160839160839
scaffold_216	1.0	1.0	1.0
scaffold_236	1.0	1.0	1.0
scaffold_213	1.0	1.0	1.0
scaffold_171	1.0	1.0	1.0
scaffold_135	1.0	0.004830557177054062	0.7283372365339579
scaffold_140	1.0	0.0008235063315807345	0.891175306687772
scaffold_94	0.6911829862649534	0.001700215033606494	1.0
scaffold_99	1.0	0.002993385735827644	0.8920735323186401
scaffold_50	0.7117801227670874	0.06747302249405858	0.9180434298117266
scaffold_58	0.8313761993412574	0.0021175536829312154	0.6644561191973128
scaffold_80	1.0	0.0014676423110861058	0.9794848757112908
scaffold_67	0.9115336122174629	0.02388323015174672	0.8710427964238605
scaffold_60	1.0	0.022337798945200077	0.9132039822687305
scaffold_59	0.9775934556594857	0.01089354052324077	1.0
scaffold_78	1.0	0.0058294632594341235	0.9577067127628925
scaffold_69	0.9931095580273649	0.008481584282713872	0.7813460204182774
scaffold_218	1.0	1.0	1.0
scaffold_132	1.0	0.0005281831514212968	1.0
scaffold_165	1.0	0.0003286468190212637	0.7988865692414753
scaffold_71	0.9290273677491423	0.0045407446376627345	0.7112552067677245
scaffold_64	1.0	0.0036924291746505264	0.766678558687121
scaffold_84	1.0	0.0019506555524022552	0.7977420129714149
scaffold_72	1.0	0.0022550858191320113	0.8648866228364417
scaffold_120	1.0	1.0	1.0
scaffold_101	1.0	0.021412758026636048	0.9693548799509064
scaffold_125	0.9811653914067098	0.0025164935749153747	1.0
scaffold_66	0.7947590870667793	1.0	1.0
scaffold_61	1.0	1.0	1.0
scaffold_82	1.0	0.0052604766578673344	0.9622855844598432
scaffold_220	1.0	1.0	1.0
scaffold_149	1.0	0.0017824363335816786	0.9082196830077405
scaffold_92	1.0	0.0009359262012976496	0.9282901554404145
scaffold_95	0.7322033898305085	0.0010042074432227621	0.7275132275132276
scaffold_74	1.0	0.0017645811681366787	0.9452769601284453
scaffold_116	1.0	0.0008378313345802864	0.762221041445271
scaffold_139	1.0	1.0	1.0
scaffold_117	1.0	0.004756270320236675	1.0
scaffold_105	1.0	0.002788185474538847	1.0
scaffold_159	1.0	1.0	1.0
scaffold_51	0.9214120188089185	0.017457067055870797	0.8201640865361137
scaffold_114	1.0	1.0	1.0
scaffold_106	1.0	0.0008760095947673794	1.0
scaffold_47	1.0	0.03076663813035477	0.6982932386836685
scaffold_215	1.0	1.0	1.0
scaffold_219	1.0	1.0	1.0
scaffold_194	1.0	1.0	1.0
scaffold_56	0.6307083380008215	0.020858468419629263	0.5000296015629625
scaffold_79	1.0	1.0	1.0
scaffold_183	1.0	1.0	1.0
scaffold_43	0.737249829222563	0.023374660439568037	0.7337210448496796
scaffold_110	1.0	0.004006310491930041	0.7562870578613781
scaffold_45	1.0	0.00883968973584785	0.9917165971781208
scaffold_123	1.0	1.0	1.0
scaffold_65	0.7551865411436541	0.018321877973987523	1.0
scaffold_91	1.0	1.0	1.0
scaffold_41	1.0	0.01886284020479655	0.9921605484298983
scaffold_57	1.0	0.0008064552260538801	0.7422619047619048
scaffold_126	1.0	1.0	1.0
scaffold_166	1.0	1.0	1.0
scaffold_77	1.0	1.0	1.0
scaffold_109	0.7844383893430215	0.00044035411200834277	0.7819374758780394
scaffold_235	1.0	1.0	1.0
scaffold_28	0.9942446574003191	0.07996187240608113	1.0
scaffold_29	0.6001789437879885	0.27911191195459495	0.5457174713861545
scaffold_93	1.0	0.6117617322436599	0.9803057430106046
scaffold_49	0.9925086083816242	0.006827465107296083	0.9615833742320906
scaffold_53	0.8322380430814166	0.006155754773309166	0.8339109453827593
scaffold_22	0.9355116703835635	0.05704441243942603	0.9642462656299888
scaffold_6	0.9990897543857673	0.22574901833810102	0.5339056868326559
scaffold_122	1.0	0.000497765588344501	0.9680239820134899
scaffold_44	0.5288672258747071	0.026920957552899	0.9406301350289348
scaffold_7	0.7595834568724449	0.48417603392759956	0.4096218990645668
scaffold_38	0.9597309496415612	0.32303998379437926	0.883013648100332
scaffold_14	0.9664133119538302	0.8619799274459266	0.2721553267273213
scaffold_85	0.8135377249208433	1.0	1.0
scaffold_9	0.8158488048833206	0.9034410375590374	0.4187714446020316
scaffold_36	0.972880290808228	1.0	1.0
scaffold_40	0.7282173897232627	1.0	1.0
scaffold_129	0.9250942211055276	1.0	1.0
